2452125.62263 15.082 0.004 5.25 2139.0
2452129.69770 15.077 0.003 4.18 777.0
2452132.63925 15.068 0.003 4.16 755.0
2452136.54330 15.089 0.004 6.31 746.0
2452141.55508 15.071 0.003 4.17 760.0
2452144.64466 15.074 0.003 4.23 670.0
2452160.61281 15.080 0.004 6.33 888.0
2452169.52663 15.083 0.004 6.99 870.0
2452175.65087 15.067 0.004 5.75 1339.0
2452188.50212 15.089 0.005 7.48 826.0
2452211.50713 15.071 0.005 6.61 1326.0
2452332.87486 15.077 0.004 3.79 3096.0
2452347.83874 15.066 0.004 4.18 734.0
2452357.86625 15.077 0.004 4.50 740.0
2452372.85416 15.080 0.004 4.92 855.0
2452383.82603 15.081 0.003 4.05 721.0
2452388.79677 15.076 0.004 5.33 875.0
2452390.82616 15.075 0.004 4.06 1019.0
2452397.70641 15.081 0.004 3.79 1037.0
2452401.83554 15.077 0.004 4.20 872.0
2452403.91251 15.076 0.004 3.95 891.0
2452405.89994 15.077 0.004 4.34 902.0
2452411.74022 15.099 0.002 4.38 662.0
2452414.90496 15.079 0.004 5.44 820.0
2452416.85729 15.089 0.004 4.75 902.0
2452424.82468 15.078 0.004 4.73 998.0
2452428.85327 15.077 0.004 5.16 803.0
2452432.86675 15.101 0.005 7.55 1152.0
2452434.75162 15.073 0.003 3.42 802.0
2452436.80037 15.083 0.004 4.43 832.0
2452438.76112 15.075 0.004 4.25 711.0
2452441.73886 15.077 0.003 4.07 766.0
2452445.64470 15.082 0.004 4.16 752.0
2452448.66638 15.095 0.004 3.64 1961.0
2452455.70304 15.046 0.002 3.66 1674.0
2452459.62312 15.068 0.002 4.64 636.0
2452463.55442 15.065 0.004 4.71 762.0
2452466.65358 15.069 0.004 4.77 656.0
2452468.68380 15.073 0.003 3.65 629.0
2452470.66625 15.078 0.003 3.80 623.0
2452472.69436 15.075 0.003 3.95 684.0
2452481.57086 15.075 0.004 5.99 921.0
2452484.63340 15.071 0.004 4.79 720.0
2452486.72545 15.075 0.004 6.15 777.0
2452490.69366 15.069 0.004 5.27 712.0
2452493.65520 15.074 0.004 4.42 878.0
2452495.75710 15.074 0.004 5.22 1057.0
2452498.52064 15.072 0.003 3.34 705.0
2452500.56515 15.073 0.003 3.59 804.0
2452502.57635 15.064 0.003 3.80 869.0
2452508.67673 15.068 0.004 5.12 1160.0
2452512.62308 15.068 0.004 4.54 925.0
2452517.57694 15.064 0.004 4.93 785.0
2452520.59229 15.061 0.004 4.56 773.0
2452528.49757 15.070 0.004 5.34 904.0
2452538.50401 15.079 0.004 4.50 1040.0
2452542.53128 15.090 0.004 3.64 2101.0
2452552.50525 15.072 0.004 4.86 973.0
2452556.58935 15.070 0.004 5.16 1176.0
2452563.50378 15.080 0.004 4.20 1001.0
2452575.53194 15.050 0.003 5.48 1152.0
2452707.87662 15.067 0.003 4.02 733.0
2452714.91200 15.074 0.003 3.73 922.0
2452729.84592 15.078 0.004 5.91 818.0
2452733.92607 15.078 0.005 4.70 2977.0
2452744.92390 15.069 0.004 4.22 1062.0
2452753.89807 15.069 0.004 5.02 942.0
2452757.81008 15.065 0.003 4.62 1023.0
2452761.82718 15.073 0.004 3.83 853.0
2452767.80529 15.068 0.004 6.18 973.0
2452775.73162 15.071 0.005 6.13 1427.0
2452783.83563 15.067 0.004 3.85 812.0
2452785.76127 15.069 0.004 4.45 865.0
2452787.61160 15.076 0.004 4.91 974.0
2452789.76832 15.074 0.004 4.01 830.0
2452791.72473 15.071 0.004 4.06 683.0
2452794.93915 15.069 0.004 4.85 1153.0
2452796.83848 15.077 0.003 3.56 695.0
2452797.89970 15.074 0.004 4.74 919.0
2452809.72762 15.081 0.004 4.57 882.0
2452811.65470 15.086 0.005 6.85 848.0
2452812.72646 15.080 0.004 5.64 823.0
2452813.83573 15.066 0.004 4.14 884.0
2452814.75931 15.075 0.004 4.33 765.0
2452816.62400 15.074 0.003 3.92 602.0
2452818.59527 15.073 0.004 4.38 717.0
2452820.80194 15.068 0.004 4.00 847.0
2452826.76543 15.076 0.004 5.93 702.0
2452835.64959 15.070 0.004 4.87 1182.0
2452837.64635 15.099 0.004 4.70 2631.0
2452839.71885 15.071 0.004 4.73 797.0
2452841.72816 15.083 0.004 3.86 871.0
2452843.65470 15.075 0.003 4.76 910.0
2452845.66532 15.072 0.004 4.79 751.0
2452850.53334 15.072 0.004 3.68 1063.0
2452852.54574 15.070 0.004 6.20 891.0
2452854.54947 15.066 0.004 4.17 928.0
2452856.73981 15.072 0.005 6.19 1078.0
2452858.69246 15.073 0.004 4.27 1016.0
2452862.60517 15.070 0.004 5.45 1111.0
2452865.70875 15.075 0.004 4.46 1313.0
2452868.59495 15.074 0.003 3.78 717.0
2452876.59127 15.070 0.004 4.66 707.0
2452879.64154 15.070 0.004 4.49 705.0
2452884.67190 15.077 0.004 6.01 906.0
2452892.66027 15.083 0.005 5.87 1459.0
2452895.63398 15.067 0.003 3.66 974.0
2452900.56220 15.070 0.004 5.20 901.0
2452906.51410 15.079 0.004 5.87 936.0
2452911.53826 15.070 0.004 4.98 883.0
2452918.56228 15.068 0.004 4.59 1158.0
2452930.58327 15.077 0.004 4.76 1219.0
2453059.81875 15.072 0.004 5.30 899.0
2453064.83557 15.068 0.004 5.99 1114.0
2453068.78945 15.074 0.004 5.65 1217.0
2453070.86804 15.074 0.004 4.97 982.0
2453073.82413 15.071 0.004 4.00 990.0
2453075.86221 15.074 0.004 4.14 1004.0
2453079.90709 15.074 0.004 3.35 1646.0
2453082.89011 15.074 0.003 4.29 686.0
2453085.82473 15.070 0.003 4.34 665.0
2453086.89711 15.063 0.003 4.47 765.0
2453088.81732 15.072 0.003 3.98 660.0
2453090.73042 15.076 0.003 3.96 778.0
2453096.88561 15.085 0.004 6.29 755.0
2453098.90550 15.077 0.003 3.65 635.0
2453099.91888 15.064 0.004 5.82 876.0
2453101.75755 15.073 0.004 5.38 1113.0
2453103.79049 15.070 0.003 3.75 1032.0
2453106.86242 15.073 0.004 3.74 1633.0
2453108.78243 15.071 0.003 3.49 805.0
2453109.84188 15.074 0.003 3.86 733.0
2453110.84823 15.069 0.003 4.39 827.0
2453112.83354 15.072 0.003 4.95 610.0
2453114.79814 15.067 0.003 3.75 694.0
2453116.88608 15.070 0.003 4.51 740.0
2453122.92412 15.063 0.004 5.03 848.0
2453125.88464 15.089 0.004 6.18 810.0
2453127.82792 15.067 0.004 4.61 931.0
2453128.83407 15.072 0.003 4.48 948.0
2453130.71526 15.068 0.004 3.89 1271.0
2453131.68181 15.083 0.004 4.82 1408.0
2453134.82925 15.078 0.004 4.16 1226.0
2453135.91339 15.067 0.003 4.38 821.0
2453138.66768 15.066 0.003 4.35 796.0
2453139.89287 15.078 0.003 4.75 782.0
2453140.89245 15.071 0.003 4.98 707.0
2453142.78144 15.063 0.003 4.22 762.0
2453144.80154 15.062 0.003 4.68 668.0
2453146.83062 15.072 0.003 4.98 645.0
2453151.76440 15.063 0.004 5.87 678.0
2453151.92037 15.072 0.004 5.45 841.0
2453152.76933 15.070 0.003 4.33 741.0
2453153.77267 15.070 0.004 5.77 756.0
2453154.83696 15.085 0.005 7.57 755.0
2453156.87776 15.073 0.003 4.48 922.0
2453162.58200 15.083 0.004 5.92 1200.0
2453163.76858 15.072 0.003 4.35 867.0
2453164.75083 15.078 0.003 4.11 739.0
2453164.88384 15.075 0.004 5.19 853.0
2453165.72439 15.074 0.003 3.58 770.0
2453167.61071 15.082 0.004 6.28 737.0
2453168.87260 15.083 0.003 4.13 882.0
2453169.74055 15.077 0.003 4.15 684.0
2453170.82548 15.066 0.003 3.72 677.0
2453171.79678 15.070 0.002 3.53 722.0
2453172.76774 15.070 0.003 4.41 670.0
2453173.86572 15.088 0.004 5.39 812.0
2453174.72454 15.063 0.003 3.97 642.0
2453175.73326 15.076 0.003 3.75 745.0
2453177.77376 15.073 0.004 7.48 804.0
2453179.51852 15.071 0.003 4.75 761.0
2453179.89780 15.068 0.004 5.36 891.0
2453180.73560 15.073 0.003 3.74 545.0
2453182.80023 15.074 0.003 4.67 704.0
2453183.75518 15.070 0.004 5.40 662.0
2453184.71621 15.074 0.003 4.16 669.0
2453185.71976 15.068 0.003 4.41 855.0
2453193.55117 15.072 0.003 3.72 758.0
2453194.56283 15.075 0.004 5.45 1166.0
2453195.69437 15.066 0.003 3.69 673.0
2453195.81493 15.072 0.003 3.95 722.0
2453196.61580 15.073 0.003 4.28 875.0
2453197.53874 15.060 0.003 4.19 774.0
2453197.84400 15.075 0.004 4.88 1089.0
2453199.63772 15.069 0.003 4.64 541.0
2453202.53200 15.079 0.003 4.58 697.0
2453202.82178 15.068 0.004 6.31 836.0
2453203.67362 15.066 0.003 4.31 581.0
2453204.66801 15.067 0.003 4.47 528.0
2453205.52694 15.076 0.003 4.33 608.0
2453206.73225 15.077 0.003 4.87 602.0
2453209.65225 15.073 0.003 4.56 603.0
2453210.65231 15.070 0.003 4.25 721.0
2453211.62274 15.076 0.003 5.75 575.0
2453217.66696 15.082 0.004 5.01 1140.0
2453218.66525 15.067 0.004 4.99 1128.0
2453219.62146 15.076 0.004 7.15 837.0
2453223.66647 15.072 0.004 6.20 729.0
2453224.71457 15.082 0.003 4.12 815.0
2453226.63646 15.074 0.004 5.98 543.0
2453228.61575 15.071 0.004 5.87 584.0
2453229.64823 15.064 0.003 4.40 606.0
2453230.68173 15.068 0.003 4.47 604.0
2453231.58577 15.076 0.003 4.57 700.0
2453232.62222 15.083 0.004 6.53 623.0
2453238.63407 15.068 0.004 5.23 669.0
2453239.71308 15.065 0.004 6.55 680.0
2453240.48620 15.069 0.003 4.08 833.0
2453245.57006 15.082 0.005 6.39 1779.0
2453246.67577 15.064 0.004 6.87 956.0
2453247.59492 15.078 0.003 4.42 869.0
2453249.54245 15.072 0.003 4.76 718.0
2453250.67339 15.080 0.004 5.17 1084.0
2453253.64265 15.068 0.004 7.08 582.0
2453256.65261 15.068 0.004 5.84 723.0
2453260.56236 15.080 0.003 4.90 683.0
2453265.49287 15.068 0.004 6.43 822.0
2453267.54650 15.072 0.003 4.79 925.0
2453272.60446 15.090 0.003 5.23 887.0
2453275.49855 15.082 0.004 5.78 1074.0
2453278.61438 15.093 0.003 4.90 888.0
2453282.49389 15.081 0.003 4.24 820.0
2453288.56024 15.080 0.003 5.25 620.0
2453293.53082 15.102 0.002 5.03 379.0
2453300.52462 15.065 0.004 4.88 1122.0
2453314.52591 15.083 0.005 6.44 1325.0
2453417.85975 15.085 0.003 4.17 633.0
2453422.88609 15.080 0.003 4.46 659.0
2453426.87713 15.072 0.003 4.15 822.0
2453429.86217 15.069 0.003 3.86 962.0
2453432.90249 15.067 0.003 3.45 1104.0
2453442.90499 15.074 0.003 4.62 682.0
2453445.81800 15.077 0.003 3.88 579.0
2453447.86833 15.071 0.003 4.63 688.0
2453449.88517 15.076 0.003 4.35 617.0
2453452.90234 15.074 0.003 3.50 626.0
2453453.77422 15.079 0.004 5.05 1136.0
2453455.84484 15.075 0.004 5.37 966.0
2453456.85594 15.061 0.003 3.54 830.0
2453457.77361 15.068 0.003 4.60 856.0
2453458.81720 15.080 0.003 3.97 848.0
2453459.79177 15.083 0.003 3.89 937.0
2453467.89454 15.068 0.003 4.37 558.0
2453469.80420 15.072 0.003 3.80 596.0
2453470.84430 15.086 0.003 3.57 567.0
2453472.77556 15.073 0.003 3.87 624.0
2453473.87058 15.079 0.003 5.50 616.0
2453474.84182 15.062 0.003 4.43 577.0
2453477.77954 15.076 0.003 4.13 634.0
2453478.89383 15.075 0.003 4.40 659.0
2453480.84579 15.070 0.003 4.51 557.0
2453481.84569 15.055 0.003 3.16 642.0
2453483.79010 15.074 0.003 3.33 759.0
2453496.74398 15.073 0.003 4.37 769.0
2453497.81172 15.070 0.003 4.92 695.0
2453498.93293 15.068 0.002 4.47 853.0
2453499.74040 15.068 0.003 4.18 590.0
2453500.74499 15.076 0.003 4.34 660.0
2453501.83571 15.077 0.002 3.55 723.0
2453502.69132 15.077 0.003 3.36 679.0
2453503.70416 15.073 0.003 3.93 578.0
2453504.71852 15.083 0.003 5.09 544.0
2453506.80393 15.076 0.003 4.92 620.0
2453508.80036 15.063 0.003 4.72 672.0
2453509.70377 15.069 0.003 5.14 615.0
2453511.69048 15.079 0.003 4.16 723.0
2453512.75366 15.057 0.003 4.06 895.0
2453517.79985 15.069 0.003 4.03 911.0
2453520.83510 15.082 0.003 4.94 720.0
2453521.65426 15.080 0.003 3.74 513.0
2453522.76380 15.056 0.003 4.40 569.0
2453523.79913 15.067 0.003 3.72 617.0
2453524.78684 15.072 0.003 4.75 729.0
2453525.76649 15.061 0.003 4.50 556.0
2453526.85182 15.077 0.003 3.93 639.0
2453528.57043 15.073 0.003 4.50 866.0
2453530.79587 15.079 0.003 3.73 563.0
2453537.76371 15.074 0.003 4.54 579.0
2453538.69320 15.065 0.003 4.05 662.0
2453540.66712 15.067 0.003 3.66 761.0
2453544.74139 15.078 0.003 4.00 1240.0
2453546.86526 15.068 0.004 6.23 933.0
2453547.82554 15.081 0.004 5.78 740.0
2453550.65195 15.073 0.003 3.34 762.0
2453551.65519 15.075 0.002 3.22 631.0
2453552.68876 15.079 0.003 4.19 527.0
2453553.69150 15.070 0.003 4.72 623.0
2453554.68001 15.064 0.003 5.51 621.0
2453555.71016 15.081 0.003 4.77 543.0
2453556.73846 15.074 0.003 5.34 538.0
2453558.57425 15.074 0.003 4.09 670.0
2453558.85157 15.077 0.003 5.07 661.0
2453559.67014 15.071 0.003 4.46 544.0
2453560.62326 15.071 0.003 3.58 586.0
2453561.56356 15.070 0.003 3.67 759.0
2453561.83012 15.078 0.003 4.82 628.0
2453562.60767 15.076 0.003 5.59 625.0
2453562.83055 15.081 0.003 4.44 714.0
2453563.65715 15.066 0.003 4.53 549.0
2453564.55074 15.064 0.003 4.81 682.0
2453569.60946 15.083 0.003 4.68 937.0
2453573.67810 15.075 0.004 5.56 845.0
2453573.70503 15.082 0.003 4.39 864.0
2453574.70604 15.080 0.003 4.70 785.0
2453575.64492 15.063 0.003 3.85 632.0
2453575.79008 15.091 0.003 4.56 834.0
2453576.70739 15.084 0.003 4.03 646.0
2453577.75566 15.075 0.003 4.81 556.0
2453578.69235 15.069 0.003 4.14 515.0
2453579.63765 15.072 0.003 4.19 527.0
2453580.67420 15.067 0.003 4.87 588.0
2453581.69060 15.077 0.003 3.95 521.0
2453582.61636 15.076 0.003 3.78 494.0
2453583.65294 15.080 0.003 5.12 522.0
2453584.66169 15.078 0.003 4.36 529.0
2453585.65979 15.076 0.003 4.04 442.0
2453586.68418 15.068 0.003 3.34 577.0
2453588.74228 15.082 0.003 5.57 520.0
2453589.70362 15.075 0.003 4.10 550.0
2453590.69969 15.059 0.003 4.14 598.0
2453591.49363 15.065 0.003 3.80 666.0
2453591.63914 15.073 0.003 3.19 622.0
2453591.72133 15.076 0.003 3.81 562.0
2453592.65615 15.077 0.003 3.32 494.0
2453592.71053 15.074 0.003 3.65 561.0
2453597.62977 15.067 0.003 3.86 889.0
2453599.64660 15.095 0.004 6.02 1019.0
2453601.67604 15.080 0.003 4.02 972.0
2453602.67624 15.078 0.003 4.39 995.0
2453603.65634 15.072 0.003 4.99 689.0
2453607.65481 15.070 0.003 4.80 553.0
2453608.67075 15.078 0.003 4.63 618.0
2453615.59807 15.085 0.003 4.85 548.0
2453618.60161 15.077 0.003 3.88 712.0
2453620.56488 15.070 0.003 4.06 560.0
2453628.56691 15.079 0.003 4.60 1041.0
2453630.58093 15.092 0.003 4.71 926.0
2453632.60841 15.073 0.004 5.30 1030.0
2453634.51180 15.075 0.003 4.53 609.0
2453639.51760 15.075 0.003 3.40 651.0
2453641.56433 15.071 0.004 5.69 819.0
2453644.52913 15.079 0.003 4.25 714.0
2453651.57063 15.085 0.004 6.19 869.0
2453654.56029 15.102 0.004 4.49 2856.0
2453655.53579 15.070 0.003 4.01 979.0
2453657.52897 15.064 0.003 4.53 1010.0
2453659.53076 15.082 0.004 5.68 1004.0
2453662.53530 15.069 0.004 5.56 1027.0
2453665.49272 15.073 0.004 4.85 1116.0
2453671.50869 15.074 0.004 6.28 1007.0
2453777.84027 15.079 0.004 5.45 1154.0
2453782.87626 15.071 0.003 3.59 853.0
2453785.83792 15.078 0.003 4.25 949.0
2453788.85807 15.074 0.003 3.90 1259.0
2453791.82557 15.072 0.003 4.68 910.0
2453793.86771 15.067 0.003 3.27 837.0
2453795.85514 15.073 0.004 5.40 962.0
2453798.81833 15.070 0.003 4.06 720.0
2453799.84249 15.078 0.004 5.15 941.0
2453800.83740 15.059 0.003 5.63 764.0
2453801.89691 15.057 0.003 4.16 759.0
2453802.86247 15.069 0.003 4.18 736.0
2453803.89775 15.060 0.003 4.06 767.0
2453805.81420 15.062 0.003 4.03 740.0
2453806.78047 15.071 0.003 4.83 903.0
2453806.79367 15.073 0.003 3.91 850.0
2453806.88222 15.068 0.003 3.99 640.0
2453807.79958 15.078 0.004 5.68 1018.0
2453807.86713 15.066 0.003 4.00 846.0
2453808.80726 15.075 0.003 4.05 976.0
2453808.84446 15.057 0.003 4.21 896.0
2453808.90204 15.065 0.003 4.21 833.0
2453809.77007 15.072 0.003 4.49 1153.0
2453809.89236 15.052 0.003 3.86 912.0
2453810.76412 15.067 0.003 4.19 1084.0
2453810.85897 15.064 0.003 3.74 928.0
2453810.91506 15.065 0.004 4.13 2117.0
2453811.78785 15.086 0.003 4.83 852.0
2453811.85057 15.068 0.003 4.20 739.0
2453812.75641 15.070 0.004 5.85 980.0
2453812.82916 15.061 0.003 4.83 880.0
2453812.84665 15.070 0.003 5.24 870.0
2453812.91573 15.066 0.003 3.79 1745.0
2453813.75714 15.078 0.003 5.29 890.0
2453813.77514 15.060 0.003 4.58 845.0
2453813.78118 15.073 0.003 3.77 837.0
2453813.79266 15.068 0.003 3.83 812.0
2453813.80688 15.066 0.003 3.40 834.0
2453813.81303 15.062 0.003 3.57 846.0
2453813.81581 15.062 0.003 3.84 847.0
2453813.82813 15.070 0.003 3.84 850.0
2453813.83961 15.070 0.003 4.09 845.0
2453813.87748 15.058 0.003 3.96 825.0
2453813.90909 15.059 0.003 3.94 989.0
2453814.75236 15.073 0.003 3.91 1245.0
2453814.76029 15.065 0.003 3.72 1175.0
2453814.83848 15.073 0.003 3.47 815.0
2453814.87020 15.056 0.003 4.53 811.0
2453814.90664 15.065 0.003 3.86 861.0
2453815.75305 15.113 0.005 4.82 4436.0
2453815.79587 15.060 0.003 4.15 839.0
2453815.81519 15.062 0.003 3.63 872.0
2453815.82551 15.065 0.003 3.67 856.0
2453815.83626 15.064 0.003 3.65 790.0
2453815.84334 15.057 0.003 3.77 799.0
2453815.85012 15.064 0.003 3.45 804.0
2453815.86152 15.058 0.003 3.34 810.0
2453815.86919 15.063 0.003 3.55 781.0
2453815.87896 15.052 0.003 3.52 806.0
2453815.88977 15.041 0.003 3.51 663.0
2453815.89730 15.062 0.003 3.33 867.0
2453815.90460 15.049 0.003 3.40 787.0
2453815.91107 15.053 0.003 3.93 996.0
2453815.91756 15.055 0.003 3.46 1809.0
2453815.92052 15.058 0.004 3.39 2957.0
2453815.92364 15.027 0.004 3.50 5581.0
2453817.80260 15.041 0.003 3.94 1318.0
2453817.83822 15.040 0.003 3.42 1538.0
2453817.87175 15.050 0.003 3.61 1213.0
2453817.91256 15.029 0.003 3.30 1567.0
2453817.91996 15.024 0.004 3.74 3255.0
2453818.75690 15.069 0.003 4.44 1026.0
2453818.82141 15.072 0.003 3.90 755.0
2453818.92013 15.055 0.004 3.76 2281.0
2453819.75507 15.072 0.003 4.26 631.0
2453819.79929 15.066 0.003 3.08 611.0
2453820.78349 15.077 0.003 3.43 614.0
2453821.78664 15.060 0.003 3.96 637.0
2453822.82601 15.067 0.003 4.45 671.0
2453823.78620 15.073 0.003 4.95 618.0
2453824.75239 15.073 0.003 5.18 756.0
2453825.81729 15.068 0.003 5.29 675.0
2453826.74578 15.070 0.003 5.83 402.0
2453827.81356 15.063 0.003 4.04 554.0
2453828.78819 15.073 0.004 5.54 720.0
2453829.77034 15.067 0.003 4.69 638.0
2453830.75087 15.080 0.003 3.83 756.0
2453832.75726 15.076 0.003 3.82 607.0
2453833.77043 15.061 0.003 3.88 584.0
2453834.75621 15.066 0.003 4.06 733.0
2453835.74527 15.068 0.003 4.69 753.0
2453836.77633 15.071 0.003 4.14 837.0
2453837.74368 15.066 0.003 4.92 833.0
2453837.91561 15.069 0.003 3.97 858.0
2453838.75546 15.076 0.004 6.21 887.0
2453839.75125 15.077 0.003 4.52 971.0
2453840.71723 15.070 0.003 4.11 1073.0
2453840.92221 15.073 0.003 4.30 967.0
2453841.75579 15.062 0.003 3.98 955.0
2453841.90647 15.064 0.003 3.71 1128.0
2453842.86041 15.076 0.003 3.36 967.0
2453845.73130 15.034 0.005 5.52 3695.0
2453845.92305 15.072 0.003 5.27 822.0
2453846.74202 15.055 0.003 3.45 650.0
2453847.80809 15.076 0.004 5.54 743.0
2453848.76304 15.072 0.003 4.50 596.0
2453849.76221 15.068 0.003 3.71 652.0
2453850.70687 15.075 0.003 3.94 695.0
2453850.88027 15.068 0.003 4.85 754.0
2453851.72150 15.081 0.003 4.71 612.0
2453851.88626 15.064 0.003 5.14 691.0
2453851.93237 15.071 0.003 4.01 1308.0
2453852.70998 15.075 0.003 5.01 670.0
2453852.89225 15.067 0.003 4.90 672.0
2453853.69837 15.063 0.003 3.44 596.0
2453853.86669 15.061 0.003 3.68 620.0
2453856.68844 15.065 0.003 3.69 835.0
2453856.85519 15.057 0.003 3.74 738.0
2453857.92612 15.070 0.003 4.25 801.0
2453858.77480 15.070 0.003 4.38 565.0
2453859.81300 15.068 0.003 4.15 582.0
2453860.68250 15.077 0.003 5.38 755.0
2453860.92136 15.075 0.003 4.90 753.0
2453861.68059 15.077 0.003 4.51 744.0
2453861.78421 15.074 0.003 3.60 615.0
2453862.71386 15.074 0.003 3.59 738.0
2453862.87632 15.068 0.003 4.22 848.0
2453863.65134 15.080 0.003 4.20 868.0
2453863.87219 15.071 0.003 3.42 615.0
2453864.68828 15.076 0.003 3.93 769.0
2453864.87832 15.060 0.003 3.51 620.0
2453864.93726 15.079 0.003 3.11 1411.0
2453865.69910 15.069 0.003 4.11 811.0
2453865.83582 15.072 0.003 3.87 701.0
2453865.91258 15.079 0.003 3.87 652.0
2453866.69755 15.068 0.003 3.56 741.0
2453866.83705 15.064 0.003 3.93 687.0
2453866.91598 15.082 0.003 3.25 670.0
2453867.64039 15.075 0.003 3.78 1149.0
2453867.82795 15.070 0.003 3.98 965.0
2453867.89916 15.063 0.003 3.61 995.0
2453868.72350 15.061 0.003 3.80 1133.0
2453868.87518 15.072 0.003 4.64 1069.0
2453869.70335 15.063 0.003 3.38 1178.0
2453869.88430 15.075 0.003 4.31 1362.0
2453872.90828 15.071 0.003 3.30 1279.0
2453873.65686 15.069 0.003 3.99 753.0
2453873.79903 15.079 0.003 3.69 704.0
2453873.87165 15.077 0.003 4.12 746.0
2453874.75530 15.067 0.003 4.62 664.0
2453875.66900 15.066 0.003 2.98 557.0
2453875.82487 15.078 0.003 4.09 684.0
2453875.91538 15.070 0.003 4.26 688.0
2453876.64621 15.079 0.002 4.24 545.0
2453877.64436 15.068 0.003 4.98 547.0
2453877.79566 15.075 0.003 3.58 585.0
2453877.86957 15.076 0.003 4.00 723.0
2453880.63512 15.072 0.003 4.46 597.0
2453880.84523 15.064 0.003 5.22 714.0
2453880.92405 15.068 0.003 4.51 833.0
2453881.67445 15.064 0.003 3.83 704.0
2453881.88589 15.065 0.003 3.68 759.0
2453882.58645 15.080 0.003 4.63 812.0
2453882.76274 15.080 0.003 4.16 619.0
2453882.83697 15.077 0.003 4.04 717.0
2453882.90576 15.071 0.003 3.52 687.0
2453883.65212 15.055 0.003 5.12 686.0
2453883.85264 15.072 0.003 3.87 635.0
2453886.61423 15.059 0.003 4.33 709.0
2453886.80702 15.061 0.003 3.81 564.0
2453886.87887 15.062 0.003 5.36 648.0
2453887.58757 15.067 0.003 5.00 743.0
2453887.79017 15.061 0.003 4.34 636.0
2453887.88971 15.063 0.003 4.40 771.0
2453888.60365 15.082 0.003 5.24 632.0
2453889.67001 15.064 0.003 3.63 572.0
2453889.94824 15.060 0.003 4.23 1298.0
2453890.65515 15.062 0.003 3.65 739.0
2453891.67967 15.067 0.003 4.81 643.0
2453891.80789 15.068 0.003 4.13 682.0
2453891.88987 15.071 0.003 4.16 703.0
2453892.60487 15.060 0.003 5.32 1342.0
2453893.63350 15.068 0.003 4.94 689.0
2453894.68386 15.077 0.003 5.43 599.0
2453894.90665 15.070 0.003 6.43 556.0
2453896.62454 15.064 0.004 5.44 1030.0
2453900.54280 15.091 0.004 5.29 2564.0
2453900.72919 15.065 0.003 3.45 881.0
2453900.80785 15.060 0.003 3.62 975.0
2453900.87649 15.066 0.003 3.90 1141.0
2453901.55296 15.044 0.004 5.86 777.0
2453901.73429 15.069 0.003 4.81 696.0
2453901.81154 15.069 0.003 4.78 821.0
2453901.88048 15.076 0.003 4.74 970.0
2453902.57718 15.066 0.003 4.30 688.0
2453902.75513 15.062 0.003 4.44 760.0
2453902.87798 15.061 0.004 6.08 963.0
2453903.66677 15.057 0.003 4.27 742.0
2453904.56398 15.065 0.003 3.63 645.0
2453904.72695 15.065 0.003 3.76 694.0
2453904.79605 15.065 0.003 3.97 658.0
2453904.89819 15.055 0.003 4.08 857.0
2453905.56071 15.065 0.003 3.98 688.0
2453905.73742 15.066 0.003 3.37 675.0
2453905.87600 15.063 0.003 3.54 884.0
2453906.57523 15.067 0.003 4.29 721.0
2453906.71586 15.058 0.003 4.56 602.0
2453906.78820 15.065 0.003 4.08 676.0
2453906.87130 15.050 0.003 5.16 775.0
2453907.60601 15.074 0.003 5.05 610.0
2453907.79643 15.064 0.004 6.48 721.0
2453907.87279 15.072 0.004 6.65 878.0
2453908.54214 15.069 0.003 4.16 981.0
2453908.72777 15.070 0.003 4.30 695.0
2453908.80783 15.069 0.003 4.09 621.0
2453908.89092 15.066 0.003 4.07 821.0
2453909.54401 15.079 0.003 4.68 814.0
2453909.72667 15.067 0.003 3.85 504.0
2453909.81717 15.058 0.003 4.07 584.0
2453910.58894 15.066 0.003 4.79 652.0
2453912.54311 15.067 0.003 2.93 725.0
2453912.73047 15.065 0.003 3.62 503.0
2453912.82440 15.074 0.003 3.79 541.0
2453913.53462 15.071 0.003 3.14 682.0
2453913.74007 15.062 0.003 4.60 664.0
2453913.82895 15.067 0.003 3.33 631.0
2453914.55841 15.074 0.003 4.99 745.0
2453915.53612 15.078 0.003 4.41 785.0
2453915.73812 15.068 0.003 4.77 555.0
2453915.83631 15.069 0.003 5.20 613.0
2453916.57482 15.076 0.003 5.02 648.0
2453916.81875 15.068 0.003 4.74 628.0
2453917.62999 15.056 0.003 5.36 696.0
2453917.82934 15.070 0.003 5.28 755.0
2453918.61690 15.077 0.003 5.18 682.0
2453918.82702 15.079 0.003 5.43 701.0
2453919.55519 15.082 0.004 6.44 880.0
2453919.77379 15.074 0.002 4.41 599.0
2453920.52151 15.071 0.003 4.73 687.0
2453920.71759 15.081 0.003 5.17 670.0
2453920.80302 15.081 0.003 3.39 645.0
2453921.51767 15.075 0.003 3.94 870.0
2453921.73144 15.083 0.004 6.67 720.0
2453922.73361 15.076 0.003 5.81 679.0
2453930.56225 15.076 0.003 3.75 965.0
2453930.79923 15.054 0.004 5.27 1407.0
2453931.51028 15.078 0.003 5.16 812.0
2453932.53787 15.078 0.003 3.98 796.0
2453932.80962 15.077 0.003 3.90 870.0
2453933.52428 15.068 0.003 3.58 828.0
2453933.70878 15.071 0.003 3.66 684.0
2453933.78075 15.067 0.003 4.43 730.0
2453934.49825 15.075 0.003 4.02 814.0
2453934.66822 15.056 0.003 4.13 566.0
2453934.73808 15.052 0.003 3.82 632.0
2453935.54806 15.078 0.003 4.42 682.0
2453935.71946 15.072 0.003 5.45 610.0
2453935.81697 15.073 0.003 4.19 815.0
2453936.50149 15.080 0.003 5.09 750.0
2453936.66697 15.070 0.003 3.97 622.0
2453936.74335 15.088 0.003 4.95 815.0
2453937.56968 15.062 0.004 5.92 625.0
2453938.50921 15.068 0.003 5.16 786.0
2453938.70426 15.084 0.003 5.12 583.0
2453938.80942 15.069 0.003 6.29 655.0
2453940.59390 15.067 0.003 3.89 635.0
2453941.72284 15.090 0.004 6.68 534.0
2453944.56183 15.063 0.003 5.06 659.0
2453944.76220 15.070 0.003 5.36 704.0
2453946.52099 15.070 0.003 5.80 726.0
2453946.71318 15.072 0.003 5.88 533.0
2453950.52964 15.064 0.003 3.83 589.0
2453950.74470 15.069 0.003 4.67 622.0
2453950.75217 15.072 0.003 5.08 633.0
2453951.52238 15.068 0.003 4.59 720.0
2453951.75367 15.070 0.004 5.02 1648.0
2453956.57559 15.070 0.004 6.09 892.0
2453957.51400 15.070 0.003 5.58 889.0
2453958.58567 15.079 0.003 4.97 761.0
2453959.51759 15.062 0.003 5.02 689.0
2453959.69201 15.068 0.003 5.86 744.0
2453960.50682 15.066 0.003 4.60 621.0
2453960.68593 15.066 0.003 3.41 720.0
2453961.58248 15.079 0.004 5.82 789.0
2453963.53948 15.066 0.003 4.29 580.0
2453963.71684 15.078 0.003 5.41 603.0
2453964.53459 15.068 0.003 3.82 670.0
2453965.51902 15.072 0.003 3.66 631.0
2453965.71791 15.065 0.003 4.15 600.0
2453966.49419 15.080 0.003 4.95 760.0
2453966.69591 15.083 0.003 4.79 594.0
2453967.53262 15.076 0.004 5.96 662.0
2453967.72134 15.073 0.003 4.87 587.0
2453968.50669 15.085 0.003 4.66 791.0
2453968.67665 15.078 0.003 5.28 612.0
2453969.48832 15.063 0.003 5.26 633.0
2453969.68896 15.088 0.003 4.70 579.0
2453970.52255 15.078 0.003 5.20 601.0
2453970.69603 15.074 0.003 4.12 550.0
2453971.56126 15.080 0.003 6.21 602.0
2453973.58751 15.086 0.003 4.77 524.0
2453974.51678 15.068 0.003 5.24 631.0
2453975.51966 15.073 0.003 4.26 604.0
2453975.69635 15.075 0.003 5.53 678.0
2453976.51447 15.075 0.003 4.51 610.0
2453976.69430 15.077 0.004 6.02 765.0
2453979.51649 15.079 0.004 5.87 992.0
2453982.57714 15.079 0.003 4.49 887.0
2453983.53476 15.075 0.004 5.49 1265.0
2453986.59159 15.069 0.003 5.18 847.0
2453987.51393 15.082 0.003 5.55 721.0
2453988.52685 15.067 0.003 4.19 576.0
2453989.53746 15.075 0.003 5.23 673.0
2453990.55427 15.074 0.003 5.17 636.0
2453991.51005 15.081 0.003 5.92 644.0
2453993.56173 15.069 0.003 5.43 598.0
2453994.57242 15.066 0.003 5.03 661.0
2453995.58000 15.069 0.003 4.26 657.0
2453999.61735 15.072 0.003 4.33 755.0
2454002.50675 15.078 0.003 5.71 682.0
2454003.50099 15.068 0.003 4.08 706.0
2454004.53506 15.071 0.003 4.17 722.0
2454006.52802 15.075 0.003 4.24 693.0
2454012.50792 15.072 0.004 5.79 797.0
2454016.52356 15.091 0.004 5.69 863.0
2454018.56204 15.078 0.003 5.18 829.0
2454020.54655 15.087 0.003 5.07 757.0
2454023.54692 15.075 0.003 4.77 1105.0
2454025.56626 15.079 0.004 5.47 938.0
2454028.50569 15.072 0.003 5.67 783.0
2454031.50579 15.065 0.003 5.51 829.0
2454038.51111 15.065 0.004 6.25 835.0
2454041.51014 15.074 0.004 4.99 1228.0
2454043.51790 15.062 0.004 5.73 1360.0
2454141.88520 15.086 0.004 4.11 1337.0
2454151.86635 15.081 0.004 5.41 776.0
2454153.88827 15.075 0.004 4.45 838.0
2454156.86666 15.069 0.004 5.58 804.0
2454158.88776 15.079 0.004 4.92 916.0
2454161.85420 15.079 0.004 6.21 1085.0
2454163.83708 15.064 0.004 4.07 1367.0
2454165.83215 15.077 0.004 5.16 1838.0
2454168.81566 15.069 0.004 4.30 1163.0
2454170.80759 15.084 0.005 4.37 3009.0
2454175.79821 15.081 0.004 5.66 829.0
2454176.90957 15.071 0.004 3.70 1028.0
2454178.81764 15.073 0.004 4.65 738.0
2454179.85759 15.084 0.004 3.78 799.0
2454181.79403 15.080 0.004 5.47 737.0
2454182.84253 15.073 0.003 4.17 688.0
2454183.87511 15.072 0.004 5.28 771.0
2454184.91934 15.060 0.004 3.68 2377.0
2454189.87026 15.074 0.004 5.14 729.0
2454191.82063 15.090 0.005 6.85 930.0
2454193.76666 15.085 0.004 5.12 1161.0
2454194.79597 15.080 0.004 4.43 876.0
2454196.78602 15.084 0.004 5.39 993.0
2454202.76760 15.073 0.003 4.51 831.0
2454203.75561 15.071 0.003 3.72 684.0
2454204.74789 15.071 0.004 4.73 819.0
2454204.93018 15.072 0.004 3.61 2242.0
2454205.74443 15.073 0.003 4.38 634.0
2454207.73388 15.067 0.004 4.79 814.0
2454208.75600 15.074 0.003 4.67 697.0
2454211.80015 15.068 0.004 5.33 690.0
2454212.88152 15.082 0.004 6.44 684.0
2454213.72050 15.077 0.004 5.01 724.0
2454213.92409 15.080 0.003 3.75 858.0
2454215.75319 15.082 0.004 5.81 740.0
2454216.71099 15.077 0.004 4.54 810.0
2454217.71845 15.081 0.003 3.81 781.0
2454217.92790 15.072 0.003 3.32 1012.0
2454218.76808 15.081 0.004 5.81 759.0
2454219.76899 15.071 0.004 5.87 734.0
2454220.71372 15.071 0.004 5.71 845.0
2454222.68245 15.078 0.004 5.44 1170.0
2454224.79317 15.078 0.004 4.24 1156.0
2454228.68861 15.090 0.004 4.75 1148.0
2454228.92218 15.090 0.004 5.12 1080.0
2454229.68229 15.064 0.004 6.60 881.0
2454229.87924 15.078 0.004 4.27 926.0
2454230.69201 15.082 0.004 4.43 693.0
2454230.88005 15.075 0.004 4.68 876.0
2454231.63433 15.070 0.003 4.87 904.0
2454231.77856 15.068 0.003 4.02 894.0
2454231.90275 15.080 0.004 4.57 932.0
2454232.68642 15.075 0.004 5.63 1020.0
2454232.84741 15.068 0.004 6.02 943.0
2454233.82448 15.065 0.004 5.80 916.0
2454234.72261 15.085 0.004 4.81 823.0
2454235.64788 15.076 0.004 4.20 920.0
2454235.80913 15.066 0.003 3.51 722.0
2454235.90156 15.071 0.004 3.93 786.0
2454238.63382 15.089 0.004 6.42 993.0
2454238.88624 15.075 0.004 4.67 1044.0
2454239.64859 15.077 0.004 5.30 731.0
2454240.68797 15.065 0.003 4.24 726.0
2454240.82804 15.073 0.004 4.47 797.0
2454243.65377 15.081 0.004 5.60 815.0
2454243.74651 15.062 0.004 4.94 764.0
2454243.84022 15.081 0.004 4.96 793.0
2454244.62611 15.083 0.004 5.55 893.0
2454244.72237 15.076 0.004 4.39 767.0
2454244.81518 15.079 0.004 4.08 824.0
2454245.61920 15.082 0.004 5.21 633.0
2454245.71314 15.081 0.003 3.97 628.0
2454245.80894 15.071 0.004 4.30 656.0
2454246.67751 15.079 0.004 4.77 757.0
2454246.77039 15.079 0.004 4.43 767.0
2454246.86374 15.079 0.004 3.99 941.0
2454247.69275 15.067 0.004 4.95 808.0
2454250.74093 15.081 0.004 3.98 1023.0
2454251.81250 15.089 0.005 5.72 1530.0
2454256.62864 15.077 0.004 6.40 934.0
2454256.77469 15.082 0.004 5.25 933.0
2454257.66030 15.090 0.004 5.87 838.0
2454258.64332 15.090 0.004 5.10 766.0
2454258.76583 15.083 0.004 4.31 787.0
2454258.85993 15.087 0.004 5.09 943.0
2454267.60399 15.086 0.004 5.27 837.0
2454268.56717 15.085 0.003 5.63 810.0
2454268.85007 15.072 0.004 4.55 914.0
2454269.58640 15.068 0.004 4.54 782.0
2454269.70693 15.079 0.004 4.56 650.0
2454269.81627 15.077 0.002 4.12 708.0
2454270.57994 15.075 0.004 5.13 945.0
2454272.60828 15.079 0.004 3.99 876.0
2454272.75746 15.078 0.004 4.58 737.0
2454272.81667 15.074 0.003 4.68 919.0
2454273.62540 15.074 0.004 6.05 819.0
2454273.80606 15.072 0.004 4.81 1120.0
2454273.86723 15.073 0.005 6.42 1248.0
2454274.55809 15.078 0.004 5.34 1065.0
2454274.71182 15.089 0.004 5.32 866.0
2454274.77294 15.087 0.004 4.76 852.0
2454274.83135 15.083 0.004 5.23 977.0
2454275.61051 15.084 0.004 5.37 910.0
2454275.78587 15.088 0.004 4.48 1061.0
2454275.84697 15.075 0.004 5.51 1204.0
2454276.59531 15.082 0.004 4.97 867.0
2454277.53911 15.081 0.004 5.66 1121.0
2454277.71607 15.078 0.004 4.47 865.0
2454277.77473 15.084 0.004 5.50 869.0
2454277.84486 15.089 0.004 6.12 994.0
2454278.58398 15.084 0.004 5.38 1024.0
2454278.76015 15.089 0.004 5.68 975.0
2454283.51857 15.081 0.004 4.73 1404.0
2454283.73886 15.085 0.004 4.17 1283.0
2454284.51350 15.075 0.004 5.25 1070.0
2454284.70410 15.073 0.004 4.26 980.0
2454284.76640 15.080 0.004 3.72 1050.0
2454284.83126 15.058 0.004 5.26 1348.0
2454285.51662 15.086 0.005 5.93 1143.0
2454285.71006 15.078 0.004 4.76 843.0
2454285.77116 15.075 0.004 4.10 814.0
2454285.83645 15.079 0.004 4.69 1023.0
2454286.51631 15.078 0.004 5.33 1139.0
2454286.82123 15.065 0.004 5.08 1901.0
2454289.52412 15.079 0.004 4.82 986.0
2454289.74266 15.074 0.004 5.10 784.0
2454289.80778 15.076 0.004 4.65 907.0
2454290.57042 15.084 0.004 6.46 699.0
2454291.63305 15.081 0.003 4.07 755.0
2454292.49867 15.080 0.003 3.75 898.0
2454292.67788 15.087 0.003 3.66 768.0
2454292.73648 15.080 0.003 3.67 705.0
2454292.79497 15.086 0.004 3.89 811.0
2454293.49903 15.077 0.004 4.49 794.0
2454293.72365 15.070 0.003 3.81 650.0
2454293.78244 15.077 0.003 3.92 761.0
2454294.49821 15.085 0.004 4.47 922.0
2454295.50532 15.074 0.004 5.48 741.0
2454295.70337 15.073 0.003 3.98 532.0
2454295.76195 15.078 0.003 4.15 574.0
2454296.50235 15.084 0.004 4.73 786.0
2454296.69891 15.084 0.003 4.09 568.0
2454296.83425 15.078 0.004 5.55 755.0
2454297.52192 15.082 0.004 5.50 738.0
2454297.72352 15.083 0.003 4.26 610.0
2454298.55680 15.085 0.004 5.28 642.0
2454298.66253 15.085 0.004 4.88 580.0
2454298.76840 15.079 0.004 5.98 684.0
2454299.53984 15.077 0.003 4.08 680.0
2454299.63329 15.078 0.003 4.16 601.0
2454299.72502 15.084 0.003 4.08 567.0
2454300.53552 15.081 0.004 4.32 694.0
2454300.65557 15.076 0.003 4.30 569.0
2454300.75109 15.085 0.003 4.05 675.0
2454301.52638 15.080 0.003 3.74 847.0
2454301.62213 15.063 0.003 4.44 716.0
2454301.72391 15.083 0.003 3.96 645.0
2454301.82113 15.067 0.004 4.79 685.0
2454302.59938 15.073 0.004 5.24 665.0
2454302.69955 15.077 0.004 4.68 613.0
2454303.68538 15.075 0.004 5.33 610.0
2454304.55951 15.084 0.004 5.20 1088.0
2454304.67762 15.074 0.004 5.43 1001.0
2454306.64347 15.088 0.004 4.63 838.0
2454306.70042 15.072 0.004 5.39 817.0
2454310.62270 15.094 0.004 4.78 1507.0
2454312.55498 15.080 0.004 4.26 1240.0
2454312.75342 15.057 0.004 5.34 905.0
2454315.64597 15.071 0.004 5.56 838.0
2454316.71917 15.073 0.004 4.98 785.0
2454317.56725 15.083 0.003 4.00 651.0
2454319.52451 15.085 0.004 5.56 775.0
2454319.77933 15.069 0.004 5.18 802.0
2454320.55130 15.083 0.004 4.64 665.0
2454326.51858 15.089 0.004 4.63 711.0
2454326.71576 15.076 0.004 5.78 660.0
2454327.59758 15.077 0.004 5.25 661.0
2454328.52438 15.068 0.004 5.35 797.0
2454328.70240 15.073 0.004 4.77 855.0
2454329.53376 15.075 0.004 5.53 695.0
2454329.68164 15.074 0.004 4.93 706.0
2454330.50526 15.076 0.004 4.29 708.0
2454330.69856 15.054 0.004 4.74 743.0
2454331.48540 15.089 0.004 5.90 828.0
2454331.69427 15.073 0.004 5.56 650.0
2454332.51521 15.086 0.003 3.90 733.0
2454333.53629 15.086 0.004 4.80 856.0
2454333.69738 15.090 0.004 6.55 770.0
2454334.50967 15.096 0.005 5.64 1728.0
2454334.63788 15.069 0.004 4.19 2412.0
2454338.50951 15.080 0.004 4.26 1316.0
2454339.48685 15.093 0.004 4.71 1247.0
2454339.70331 15.056 0.004 4.59 1263.0
2454340.60714 15.078 0.004 4.35 1039.0
2454341.51015 15.080 0.005 6.41 1012.0
2454342.53935 15.065 0.004 4.62 828.0
2454343.51817 15.067 0.003 3.27 812.0
2454344.54644 15.064 0.004 5.45 900.0
2454345.51163 15.071 0.003 3.54 816.0
2454346.52432 15.077 0.004 5.28 868.0
2454347.53904 15.067 0.004 4.60 725.0
2454349.50068 15.066 0.004 4.41 742.0
2454350.54731 15.075 0.004 3.80 749.0
2454351.51321 15.071 0.004 4.14 724.0
2454352.56374 15.086 0.004 6.61 787.0
2454353.51711 15.076 0.004 4.57 861.0
2454354.54582 15.085 0.004 4.16 752.0
2454355.54918 15.085 0.004 5.16 848.0
2454356.51381 15.081 0.004 4.55 760.0
2454357.54293 15.080 0.004 5.65 812.0
2454358.50595 15.077 0.004 5.72 833.0
2454359.54347 15.083 0.004 4.85 749.0
2454360.57284 15.081 0.004 5.43 748.0
2454361.57629 15.085 0.004 5.63 931.0
2454365.56888 15.066 0.004 5.43 1130.0
2454367.50215 15.074 0.004 4.07 1102.0
2454368.53853 15.075 0.004 5.63 1050.0
2454370.50259 15.070 0.004 4.07 1003.0
2454371.54100 15.080 0.004 3.76 964.0
2454372.52675 15.071 0.003 3.76 737.0
2454373.51291 15.088 0.004 5.52 905.0
2454376.57765 15.087 0.004 6.44 895.0
2454377.61486 15.071 0.004 6.37 927.0
2454378.52543 15.080 0.004 5.06 780.0
2454379.54047 15.075 0.004 5.85 858.0
2454380.55196 15.077 0.004 4.32 841.0
2454381.53066 15.079 0.004 5.68 1054.0
2454382.57319 15.083 0.004 6.28 967.0
2454383.56372 15.085 0.004 4.86 1055.0
2454384.53792 15.085 0.004 5.62 836.0
2454388.50106 15.073 0.004 5.53 930.0
2454388.53666 15.080 0.004 6.23 955.0
2454388.54985 15.095 0.005 6.22 960.0
2454388.55740 15.077 0.004 5.85 977.0
2454388.56998 15.070 0.004 5.63 1006.0
2454388.58036 15.072 0.004 5.64 1117.0
2454388.59449 15.073 0.004 6.24 1139.0
2454388.60085 15.070 0.004 6.40 1161.0
2454391.49015 15.054 0.004 5.26 1126.0
2454392.49944 15.100 0.004 4.15 2523.0
2454393.53772 15.080 0.004 4.20 1104.0
2454394.55306 15.070 0.004 5.83 1161.0
2454395.52449 15.075 0.004 4.88 1128.0
2454395.55275 15.074 0.004 5.02 1166.0
2454395.57549 15.064 0.004 4.66 1230.0
2454396.51652 15.079 0.004 5.28 1380.0
2454397.54081 15.080 0.004 4.62 1361.0
2454398.54570 15.073 0.004 4.50 1353.0
2454399.53841 15.082 0.004 5.00 1293.0
2454400.54047 15.081 0.005 5.90 1542.0
2454402.55688 15.077 0.004 6.35 1076.0
2454403.55594 15.074 0.004 5.68 1129.0
2454408.54670 15.073 0.005 6.45 1204.0
2454507.87062 15.086 0.004 6.03 956.0
2454510.86713 15.084 0.003 4.70 940.0
2454513.86824 15.079 0.003 4.42 874.0
2454517.86738 15.091 0.004 6.38 1246.0
2454519.88831 15.075 0.003 4.45 870.0
2454522.88223 15.073 0.004 5.58 938.0
2454524.81805 15.081 0.004 4.80 1134.0
2454530.82570 15.082 0.003 3.94 836.0
2454533.86154 15.077 0.003 5.00 739.0
2454535.84432 15.078 0.004 5.81 791.0
2454536.90196 15.079 0.003 4.90 760.0
2454537.88760 15.083 0.003 4.28 609.0
2454538.82269 15.078 0.004 4.57 822.0
2454539.86078 15.074 0.003 5.21 683.0
2454540.80696 15.066 0.003 4.23 818.0
2454541.79969 15.059 0.003 4.28 712.0
2454542.79438 15.071 0.004 5.58 769.0
2454543.78993 15.072 0.003 5.03 822.0
2454544.78677 15.083 0.004 4.97 967.0
2454545.79311 15.076 0.003 4.54 996.0
2454546.80025 15.072 0.004 4.83 974.0
2454547.79420 15.071 0.003 4.05 1044.0
2454548.80515 15.067 0.003 4.57 998.0
2454550.74820 15.079 0.004 5.89 1002.0
2454551.77139 15.066 0.003 4.08 977.0
2454552.76736 15.077 0.004 5.95 1495.0
2454556.76348 15.073 0.003 4.70 670.0
2454557.78067 15.083 0.004 5.37 695.0
2454558.75761 15.073 0.003 4.00 673.0
2454559.75554 15.082 0.003 5.01 630.0
2454560.75568 15.067 0.003 5.33 604.0
2454561.74572 15.066 0.003 5.09 722.0
2454564.73590 15.081 0.003 5.04 631.0
2454565.73393 15.079 0.003 3.85 654.0
2454565.92485 15.064 0.003 3.47 999.0
2454566.73348 15.077 0.003 4.74 668.0
2454567.72649 15.071 0.003 4.58 721.0
2454568.73505 15.073 0.003 4.10 742.0
2454569.74416 15.075 0.003 5.51 670.0
2454570.73478 15.069 0.004 5.86 746.0
2454571.72945 15.071 0.004 6.02 817.0
2454571.91796 15.073 0.003 4.25 732.0
2454572.75693 15.066 0.003 4.56 794.0
2454573.74533 15.077 0.003 4.83 849.0
2454573.91167 15.069 0.003 3.58 658.0
2454574.74769 15.071 0.003 4.82 891.0
2454575.75678 15.074 0.003 4.23 934.0
2454576.76329 15.083 0.003 3.83 1053.0
2454577.84500 15.078 0.004 4.63 917.0
2454578.79605 15.078 0.004 5.84 944.0
2454579.87296 15.102 0.004 3.88 3713.0
2454583.73976 15.081 0.004 4.87 1394.0
2454583.93255 15.075 0.004 4.44 1330.0
2454585.76348 15.075 0.004 6.37 734.0
2454586.79244 15.092 0.004 6.60 742.0
2454587.77642 15.073 0.004 5.66 751.0
2454587.93495 15.090 0.004 5.11 1276.0
2454588.69956 15.064 0.004 5.39 775.0
2454588.93315 15.080 0.004 4.12 1238.0
2454589.68178 15.072 0.003 5.02 771.0
2454589.83722 15.091 0.003 4.29 696.0
2454589.89921 15.096 0.004 6.07 758.0
2454590.70754 15.075 0.003 4.33 771.0
2454590.90923 15.082 0.003 3.75 908.0
2454590.91789 15.082 0.003 3.92 945.0
2454591.71307 15.083 0.003 4.65 899.0
2454591.83853 15.077 0.004 4.82 815.0
2454591.90511 15.087 0.003 3.91 928.0
2454592.67173 15.079 0.004 4.91 1111.0
2454592.86096 15.075 0.004 4.36 1072.0
2454593.66086 15.077 0.003 4.74 795.0
2454593.87056 15.074 0.003 3.88 877.0
2454594.68188 15.079 0.004 5.37 745.0
2454594.87689 15.083 0.003 4.57 830.0
2454595.67140 15.073 0.003 5.25 736.0
2454595.86582 15.079 0.003 4.34 709.0
2454595.92767 15.079 0.004 5.22 738.0
2454596.66664 15.066 0.004 5.74 737.0
2454597.69106 15.070 0.003 4.95 669.0
2454597.88257 15.083 0.003 4.62 806.0
2454598.66732 15.072 0.003 4.25 602.0
2454599.63984 15.066 0.004 4.88 811.0
2454600.64908 15.077 0.003 4.36 678.0
2454600.85782 15.076 0.003 3.90 804.0
2454601.65467 15.065 0.003 3.97 813.0
2454601.87093 15.078 0.003 3.63 653.0
2454601.93277 15.057 0.003 4.53 770.0
2454602.64728 15.068 0.003 4.07 764.0
2454602.85672 15.072 0.003 3.71 750.0
2454603.88983 15.077 0.003 4.43 709.0
2454606.60247 15.074 0.004 4.83 1523.0
2454606.62862 15.069 0.004 4.90 1350.0
2454606.64859 15.066 0.003 3.89 1263.0
2454606.71751 15.068 0.003 3.96 1076.0
2454606.90693 15.084 0.003 3.73 1335.0
2454607.77729 15.078 0.004 4.00 1389.0
2454610.74476 15.081 0.003 3.50 1010.0
2454611.63407 15.078 0.004 5.17 927.0
2454611.82494 15.086 0.003 3.41 912.0
2454612.65545 15.072 0.003 4.05 1089.0
2454615.79721 15.084 0.004 5.06 770.0
2454616.60623 15.085 0.004 5.05 814.0
2454616.82275 15.072 0.003 4.49 683.0
2454616.89272 15.075 0.004 4.64 923.0
2454617.67800 15.068 0.003 4.88 702.0
2454618.61802 15.081 0.003 4.95 758.0
2454621.91972 15.080 0.003 3.40 961.0
2454622.81645 15.068 0.003 4.78 770.0
2454622.93262 15.076 0.004 6.00 1101.0
2454623.67377 15.074 0.004 5.54 677.0
2454623.87555 15.061 0.004 5.30 1010.0
2454624.59553 15.075 0.004 5.70 879.0
2454624.81968 15.076 0.003 4.54 710.0
2454624.88603 15.056 0.004 5.08 788.0
2454625.60966 15.079 0.004 6.25 743.0
2454625.82906 15.091 0.004 5.83 848.0
2454625.91793 15.070 0.004 5.41 870.0
2454626.60816 15.076 0.004 6.05 682.0
2454626.87884 15.086 0.004 6.26 727.0
2454627.56860 15.070 0.003 4.28 841.0
2454627.85791 15.060 0.003 3.87 608.0
2454627.92516 15.058 0.003 4.99 689.0
2454628.55590 15.073 0.003 4.53 915.0
2454628.76217 15.074 0.004 4.99 677.0
2454628.82760 15.067 0.004 5.15 666.0
2454628.89748 15.048 0.003 4.79 812.0
2454629.63329 15.075 0.003 4.09 600.0
2454629.83592 15.085 0.003 3.88 805.0
2454629.91393 15.059 0.003 4.53 804.0
2454630.56925 15.083 0.004 5.25 863.0
2454630.77507 15.075 0.003 3.75 792.0
2454630.85845 15.080 0.004 4.86 787.0
2454630.92120 15.070 0.003 4.68 916.0
2454631.57062 15.074 0.003 3.73 863.0
2454631.78636 15.076 0.003 3.65 725.0
2454631.87305 15.074 0.004 4.47 995.0
2454632.57443 15.075 0.003 4.01 945.0
2454632.86118 15.067 0.004 4.53 1064.0
2454633.57441 15.078 0.003 4.11 1018.0
2454633.68591 15.064 0.003 3.62 815.0
2454633.80165 15.067 0.003 3.91 911.0
2454638.75951 15.086 0.004 4.63 897.0
2454638.86969 15.079 0.005 5.07 3764.0
2454639.58204 15.085 0.004 4.82 1093.0
2454639.67985 15.064 0.003 3.95 1052.0
2454640.60153 15.077 0.003 4.50 763.0
2454640.73368 15.075 0.003 4.54 682.0
2454640.83874 15.061 0.004 5.34 1025.0
2454641.67554 15.079 0.004 4.49 779.0
2454641.78550 15.058 0.003 4.42 799.0
2454642.59945 15.083 0.004 5.08 818.0
2454642.76198 15.084 0.004 4.91 695.0
2454642.83707 15.053 0.003 4.94 908.0
2454643.55725 15.078 0.004 5.40 736.0
2454644.60461 15.084 0.004 6.18 748.0
2454644.86632 15.058 0.003 4.92 738.0
2454645.52771 15.082 0.004 5.19 1095.0
2454645.77615 15.081 0.003 4.38 761.0
2454645.85088 15.058 0.004 5.25 1030.0
2454646.52573 15.069 0.003 4.15 962.0
2454646.85811 15.063 0.003 4.75 1018.0
2454647.52210 15.087 0.004 3.93 1269.0
2454647.74517 15.062 0.003 4.56 814.0
2454647.85617 15.065 0.004 5.50 986.0
2454648.50525 15.089 0.004 4.40 1005.0
2454648.72447 15.064 0.003 4.75 677.0
2454648.82277 15.057 0.004 4.94 811.0
2454649.53138 15.067 0.004 5.54 957.0
2454649.81021 15.057 0.003 4.76 789.0
2454649.86646 15.054 0.004 5.96 964.0
2454650.51734 15.087 0.004 5.89 1130.0
2454650.78126 15.069 0.003 4.58 681.0
2454650.87498 15.061 0.004 5.12 1000.0
2454651.52075 15.084 0.004 5.57 1038.0
2454651.81585 15.058 0.004 5.45 859.0
2454652.51172 15.077 0.004 4.77 1002.0
2454652.72489 15.079 0.003 4.19 701.0
2454652.79974 15.053 0.004 5.72 784.0
2454652.84947 15.043 0.004 5.75 946.0
2454653.50810 15.086 0.004 5.87 1060.0
2454653.72725 15.065 0.003 4.39 837.0
2454654.54690 15.071 0.004 5.65 764.0
2454654.75838 15.080 0.004 4.92 745.0
2454655.50798 15.077 0.004 5.68 1176.0
2454655.73243 15.074 0.003 3.97 640.0
2454655.79421 15.055 0.003 4.44 777.0
2454656.50988 15.082 0.003 3.50 731.0
2454656.69968 15.064 0.004 4.43 863.0
2454656.81890 15.074 0.004 4.39 1193.0
2454657.73650 15.071 0.004 5.76 712.0
2454658.66839 15.077 0.004 4.51 798.0
2454659.60934 15.078 0.004 6.07 791.0
2454660.62074 15.082 0.004 5.57 867.0
2454661.49798 15.080 0.004 4.78 1309.0
2454661.69864 15.086 0.004 4.41 957.0
2454661.76014 15.060 0.004 4.63 1000.0
2454661.82734 15.052 0.004 4.37 1288.0
2454665.66548 15.076 0.004 4.47 1634.0
2454666.57090 15.071 0.004 4.51 1160.0
2454666.71396 15.066 0.004 4.42 1052.0
2454666.75614 15.067 0.004 5.48 1114.0
2454670.65558 15.076 0.004 5.19 706.0
2454671.59116 15.074 0.003 4.44 594.0
2454672.51667 15.074 0.003 3.77 770.0
2454672.70907 15.077 0.003 4.06 783.0
2454672.73138 15.075 0.004 4.92 841.0
2454674.51973 15.075 0.004 5.44 741.0
2454674.71288 15.053 0.004 4.94 704.0
2454675.75755 15.067 0.004 4.96 913.0
2454677.49637 15.074 0.003 4.37 863.0
2454677.64276 15.059 0.004 5.43 692.0
2454678.70532 15.063 0.003 4.40 644.0
2454679.50203 15.073 0.004 6.64 763.0
2454681.53778 15.076 0.003 4.80 683.0
2454681.63779 15.071 0.004 5.34 610.0
2454681.77001 15.059 0.003 4.45 831.0
2454682.50879 15.084 0.003 3.74 774.0
2454682.66613 15.070 0.003 4.35 614.0
2454682.76130 15.057 0.003 4.06 764.0
2454683.52728 15.063 0.004 5.80 968.0
2454683.71423 15.076 0.004 5.18 633.0
2454684.51982 15.083 0.004 4.51 933.0
2454684.73353 15.059 0.003 4.48 668.0
2454685.50482 15.081 0.004 5.85 873.0
2454685.73978 15.074 0.003 4.54 815.0
2454686.50855 15.076 0.003 4.31 812.0
2454687.49232 15.078 0.004 4.38 818.0
2454687.74784 15.082 0.003 5.04 867.0
2454688.50524 15.067 0.004 4.92 877.0
2454688.69509 15.071 0.003 4.60 706.0
2454688.75684 15.062 0.003 4.90 893.0
2454693.55301 15.057 0.004 3.79 2030.0
2454694.61419 15.073 0.004 6.13 980.0
2454697.50876 15.075 0.003 4.41 729.0
2454698.51428 15.066 0.003 4.22 682.0
2454699.51042 15.074 0.004 4.75 791.0
2454700.51670 15.066 0.003 3.96 756.0
2454701.51198 15.071 0.003 4.40 819.0
2454702.51052 15.074 0.004 5.13 747.0
2454703.58103 15.066 0.003 4.32 696.0
2454704.65074 15.057 0.003 4.94 673.0
2454705.51416 15.066 0.003 4.53 779.0
2454707.64452 15.068 0.003 4.64 663.0
2454708.54740 15.075 0.004 6.13 698.0
2454709.52354 15.066 0.004 5.99 785.0
2454710.55312 15.069 0.003 4.15 846.0
2454715.59247 15.061 0.004 5.64 856.0
2454716.59487 15.065 0.004 4.91 1014.0
2454720.56202 15.073 0.004 4.40 1029.0
2454721.49449 15.082 0.004 6.27 1093.0
2454722.60689 15.064 0.004 5.27 1060.0
2454724.51593 15.070 0.004 5.65 1004.0
2454725.49476 15.082 0.004 5.40 970.0
2454726.55567 15.055 0.004 6.32 908.0
2454728.60081 15.056 0.004 5.45 853.0
2454729.55628 15.069 0.004 6.32 780.0
2454730.57498 15.056 0.003 4.66 732.0
2454731.57956 15.062 0.004 5.73 689.0
2454733.53121 15.073 0.004 4.81 708.0
2454734.56057 15.073 0.004 5.87 787.0
2454737.55149 15.073 0.004 5.67 689.0
2454740.56200 15.072 0.004 5.63 795.0
2454741.56971 15.062 0.003 4.26 816.0
2454743.57534 15.060 0.004 5.16 746.0
2454753.55550 15.066 0.004 5.44 1043.0
2454756.53436 15.042 0.004 5.96 947.0
2454758.51721 15.067 0.004 5.37 1065.0
2454774.51084 15.072 0.004 5.92 1132.0
2454775.50824 15.075 0.005 6.42 1332.0
2454776.50570 15.069 0.005 6.19 1706.0
2454778.49924 15.070 0.007 6.53 4100.0
2454779.51305 15.057 0.004 5.26 1323.0
2454868.88721 14.841 0.003 4.38 2326.0
2454870.85832 14.822 0.003 5.55 1304.0
2454873.85990 14.803 0.003 4.72 1145.0
2454874.85437 14.811 0.003 6.25 1107.0
2454877.85419 14.766 0.003 4.49 884.0
2454884.86172 14.686 0.003 3.85 919.0
2454887.83383 14.624 0.002 4.39 812.0
2454890.88980 14.561 0.002 4.83 654.0
2454896.87801 14.430 0.002 4.53 711.0
2454899.84892 14.310 0.002 4.09 869.0
2454900.89033 14.267 0.002 4.35 842.0
2454901.88873 14.231 0.002 3.69 838.0
2454902.88744 14.179 0.002 3.85 826.0
2454904.81156 14.070 0.002 3.96 897.0
2454910.81752 13.652 0.001 3.85 1704.0
2454911.78804 13.622 0.001 3.60 620.0
2454912.78501 13.607 0.001 3.33 637.0
2454914.80205 13.553 0.001 4.56 591.0
2454915.86276 13.489 0.001 4.88 657.0
2454915.89598 13.485 0.001 4.49 684.0
2454915.91943 13.475 0.001 4.00 1323.0
2454916.75750 13.291 0.001 5.02 680.0
2454916.77967 13.291 0.001 4.45 672.0
2454916.82001 13.281 0.001 4.11 621.0
2454916.86271 13.258 0.001 4.26 576.0
2454916.90033 13.244 0.001 3.98 545.0
2454917.72379 11.796 0.001 5.19 761.0
2454917.76308 12.452 0.001 4.10 685.0
2454917.77166 12.640 0.001 3.87 666.0
2454917.78727 12.783 0.001 4.13 659.0
2454917.88284 12.879 0.001 3.93 723.0
2454917.90189 12.892 0.001 4.63 760.0
2454917.91916 12.899 0.001 4.55 1652.0
2454918.72993 13.267 0.001 5.10 724.0
2454918.74682 13.271 0.001 4.55 682.0
2454918.77083 13.288 0.001 4.06 665.0
2454918.81565 13.296 0.001 4.88 625.0
2454918.84593 13.305 0.001 4.17 618.0
2454918.91860 13.318 0.001 4.75 1386.0
2454919.72386 13.448 0.001 4.47 807.0
2454919.85445 13.487 0.001 3.80 727.0
2454919.91801 13.513 0.001 3.38 1248.0
2454920.72671 13.600 0.001 4.12 635.0
2454920.74279 13.607 0.001 4.23 601.0
2454921.75024 13.707 0.001 3.90 764.0
2454924.88172 13.876 0.002 4.74 706.0
2454925.82374 13.921 0.002 4.16 747.0
2454925.91081 13.941 0.002 3.25 713.0
2454925.92238 13.919 0.002 4.00 1236.0
2454927.72349 14.001 0.002 5.81 984.0
2454927.87796 13.992 0.002 4.73 764.0
2454928.73995 14.007 0.002 5.04 833.0
2454929.79623 14.037 0.002 3.77 838.0
2454930.71071 14.086 0.002 4.80 1209.0
2454930.82965 14.090 0.002 5.13 985.0
2454931.72556 14.109 0.002 4.76 1174.0
2454931.87121 14.114 0.002 4.35 908.0
2454932.72859 14.142 0.002 4.24 1061.0
2454932.82927 14.152 0.002 3.78 902.0
2454933.77693 14.181 0.002 5.11 1027.0
2454934.77534 14.199 0.002 4.92 1111.0
2454934.88014 14.196 0.002 5.42 1004.0
2454938.68592 14.326 0.002 4.52 1059.0
2454938.89056 14.327 0.002 4.89 845.0
2454939.70483 14.355 0.002 4.65 780.0
2454940.70485 14.396 0.002 4.63 720.0
2454941.68359 14.411 0.002 4.32 817.0
2454941.78159 14.408 0.002 4.87 705.0
2454942.72139 14.421 0.002 4.00 686.0
2454943.67544 14.456 0.002 4.24 714.0
2454943.81492 14.449 0.002 5.03 679.0
2454944.67223 14.476 0.002 4.03 786.0
2454944.82769 14.491 0.002 3.85 666.0
2454945.72072 14.502 0.002 3.70 714.0
2454945.77716 14.502 0.002 3.91 680.0
2454946.67035 14.518 0.002 4.41 749.0
2454947.66406 14.537 0.002 4.05 647.0
2454947.86227 14.527 0.002 3.97 792.0
2454948.84460 14.570 0.002 3.84 611.0
2454950.66682 14.605 0.002 4.16 712.0
2454951.65275 14.610 0.003 5.19 853.0
2454952.65101 14.624 0.003 5.42 702.0
2454953.64462 14.641 0.002 4.46 851.0
2454953.81921 14.645 0.002 4.28 763.0
2454954.64617 14.675 0.003 4.64 785.0
2454954.83904 14.645 0.002 4.55 643.0
2454955.64688 14.675 0.003 5.42 924.0
2454955.78022 14.668 0.003 4.68 651.0
