2452125.68449 18.120 0.049 5.58 1274.0
2452129.73667 18.180 0.033 4.01 813.0
2452132.67964 18.081 0.034 4.48 792.0
2452136.58305 18.020 0.036 5.42 723.0
2452141.59817 18.102 0.034 4.41 762.0
2452144.68095 18.125 0.035 4.83 670.0
2452160.63761 18.148 0.046 5.54 983.0
2452170.57853 18.108 0.039 5.41 822.0
2452188.53843 18.048 0.048 6.69 821.0
2452211.54196 18.227 0.065 6.33 1434.0
2452333.87889 18.102 0.037 4.52 1102.0
2452344.84020 18.098 0.031 3.83 889.0
2452355.89104 18.064 0.029 4.04 731.0
2452364.88358 18.043 0.041 5.59 928.0
2452372.89444 18.131 0.034 4.48 820.0
2452391.92455 18.151 0.045 4.79 1342.0
2452405.83181 18.146 0.037 4.81 811.0
2452414.88032 18.077 0.037 5.19 781.0
2452416.89296 18.109 0.043 5.37 967.0
2452424.75161 18.027 0.040 4.09 1794.0
2452428.73682 18.200 0.035 4.46 727.0
2452432.88836 18.051 0.055 6.63 1193.0
2452434.77636 18.093 0.032 4.05 845.0
2452436.82434 18.072 0.033 4.07 873.0
2452438.79800 18.075 0.033 4.35 787.0
2452441.76032 18.162 0.035 4.56 774.0
2452445.67687 18.070 0.029 3.84 699.0
2452448.70017 18.248 0.065 3.40 4740.0
2452459.68889 18.003 0.028 5.72 487.0
2452460.70689 18.167 0.042 5.49 736.0
2452463.58818 18.149 0.031 4.01 763.0
2452466.61097 18.019 0.030 4.64 675.0
2452468.73717 18.101 0.030 4.02 712.0
2452470.72098 18.122 0.031 4.27 674.0
2452472.74842 18.160 0.040 5.25 717.0
2452481.60483 18.181 0.050 6.15 868.0
2452484.66815 18.139 0.039 5.10 710.0
2452486.53034 18.192 0.053 6.90 751.0
2452486.76087 18.106 0.056 7.14 984.0
2452490.74403 18.185 0.050 6.29 845.0
2452493.68873 18.034 0.034 5.09 877.0
2452496.53477 18.118 0.028 3.74 694.0
2452498.55539 18.036 0.027 3.70 708.0
2452500.59886 18.087 0.030 3.71 804.0
2452502.61247 18.141 0.035 4.21 842.0
2452508.71070 18.096 0.046 5.05 1356.0
2452517.56158 18.171 0.043 5.23 805.0
2452520.62906 18.159 0.036 4.42 722.0
2452529.49492 18.069 0.038 4.68 1041.0
2452538.54658 18.160 0.042 4.65 1042.0
2452542.57436 18.093 0.033 4.10 930.0
2452548.50286 18.226 0.054 6.16 942.0
2452552.53917 18.149 0.050 5.76 1018.0
2452557.50433 18.021 0.035 4.52 882.0
2452564.52576 18.123 0.043 4.50 1346.0
2452708.85304 18.199 0.032 3.74 734.0
2452719.85874 18.064 0.034 3.84 1098.0
2452729.88069 18.090 0.038 4.79 858.0
2452734.81967 18.070 0.028 3.47 881.0
2452747.74400 18.078 0.054 6.09 1350.0
2452753.92904 18.050 0.043 5.15 1215.0
2452757.85613 18.027 0.035 4.56 1046.0
2452761.90425 18.066 0.031 3.91 926.0
2452767.85120 18.109 0.042 5.11 1016.0
2452775.76807 18.152 0.047 4.81 1565.0
2452782.68942 18.127 0.045 6.05 805.0
2452784.61208 18.118 0.033 4.06 812.0
2452786.83544 18.078 0.038 4.61 1010.0
2452788.64203 18.131 0.037 4.26 968.0
2452790.74647 18.098 0.033 4.18 716.0
2452793.65967 18.113 0.034 6.41 525.0
2452795.63403 18.040 0.028 4.43 696.0
2452797.64598 18.095 0.027 3.40 775.0
2452802.73837 18.185 0.046 4.70 1117.0
2452809.76098 18.097 0.037 4.21 962.0
2452811.68810 18.199 0.044 5.20 806.0
2452812.81738 18.111 0.042 5.28 880.0
2452813.86118 18.129 0.042 5.16 891.0
2452815.84185 18.041 0.033 4.02 907.0
2452816.86281 18.106 0.038 4.33 1091.0
2452818.63254 18.093 0.033 4.22 762.0
2452819.80904 18.105 0.037 4.64 959.0
2452821.69489 18.152 0.038 4.07 872.0
2452826.81225 18.136 0.044 5.86 757.0
2452835.68035 18.113 0.038 4.09 1083.0
2452837.68806 18.097 0.053 4.91 1926.0
2452838.82383 18.005 0.049 6.13 1379.0
2452840.74115 18.193 0.045 4.94 993.0
2452843.69244 18.146 0.036 5.08 835.0
2452845.68979 18.087 0.033 4.35 763.0
2452846.51145 17.948 0.045 6.88 958.0
2452847.47567 18.071 0.059 6.80 1261.0
2452848.67499 18.164 0.042 5.42 756.0
2452849.64545 18.165 0.038 5.36 707.0
2452850.47654 18.123 0.038 4.21 1129.0
2452850.57871 18.128 0.029 3.31 916.0
2452851.66883 18.154 0.035 4.60 706.0
2452852.58646 18.091 0.053 6.87 950.0
2452853.47106 18.136 0.047 5.11 1348.0
2452854.59091 18.098 0.034 4.53 763.0
2452855.61160 18.132 0.048 6.32 870.0
2452856.55098 18.133 0.039 4.60 886.0
2452857.50116 18.073 0.034 4.32 927.0
2452858.71348 18.126 0.034 3.83 999.0
2452859.57400 18.098 0.043 3.89 2228.0
2452862.47010 18.082 0.064 5.76 1872.0
2452862.66060 18.032 0.043 4.89 1172.0
2452862.74786 18.222 0.068 6.02 1602.0
2452863.49613 18.073 0.043 5.18 1353.0
2452864.52891 18.130 0.051 6.09 1074.0
2452865.56025 18.126 0.033 3.92 953.0
2452866.61010 18.139 0.042 4.78 965.0
2452866.64122 18.158 0.041 4.52 961.0
2452867.63502 18.099 0.031 4.02 723.0
2452868.58255 18.065 0.030 4.27 726.0
2452868.71191 18.165 0.041 4.75 970.0
2452869.56379 18.128 0.038 4.34 819.0
2452870.65336 18.121 0.035 4.26 829.0
2452871.47012 18.088 0.049 5.01 1821.0
2452871.63410 18.096 0.029 3.47 828.0
2452872.55986 18.191 0.034 3.70 807.0
2452875.50434 18.037 0.038 5.44 757.0
2452876.57768 18.114 0.032 4.24 714.0
2452877.51393 18.136 0.037 4.19 831.0
2452877.53213 18.098 0.035 4.29 816.0
2452878.50179 18.135 0.033 3.75 873.0
2452879.58425 18.085 0.035 4.55 728.0
2452880.69742 18.104 0.039 5.11 831.0
2452880.71043 18.122 0.043 5.60 875.0
2452881.66743 17.955 0.023 4.30 626.0
2452882.50413 18.102 0.041 5.67 795.0
2452883.59317 18.063 0.029 3.91 708.0
2452883.62680 18.042 0.032 4.20 764.0
2452884.58397 18.125 0.035 4.15 833.0
2452885.55497 18.118 0.042 5.17 878.0
2452890.64984 18.052 0.058 5.92 1426.0
2452890.66300 18.099 0.057 5.51 1486.0
2452892.55313 18.125 0.040 4.42 1029.0
2452893.48848 18.066 0.041 4.95 1212.0
2452894.52850 18.064 0.035 4.28 921.0
2452895.61873 18.136 0.032 3.76 927.0
2452896.53658 18.115 0.035 3.91 868.0
2452897.63851 18.131 0.044 5.28 932.0
2452898.55150 18.127 0.041 4.77 976.0
2452899.63518 18.042 0.030 4.20 846.0
2452900.48014 18.017 0.049 6.09 1043.0
2452900.63042 18.094 0.042 4.99 918.0
2452901.50407 18.193 0.054 6.24 982.0
2452902.47961 18.027 0.055 7.04 1011.0
2452903.49844 18.078 0.050 7.10 821.0
2452903.57808 18.152 0.029 4.09 749.0
2452904.53824 18.032 0.048 6.00 981.0
2452904.61321 18.065 0.046 6.22 865.0
2452905.48843 18.054 0.044 5.47 950.0
2452905.55277 18.059 0.049 6.40 971.0
2452905.62954 18.217 0.056 6.54 978.0
2452906.49241 18.057 0.043 5.64 948.0
2452906.58665 18.122 0.040 4.82 898.0
2452907.48603 18.114 0.052 6.33 956.0
2452907.60585 18.127 0.047 5.50 928.0
2452908.49276 18.093 0.052 6.75 905.0
2452909.49462 18.088 0.041 5.46 866.0
2452909.57295 18.043 0.045 5.83 959.0
2452909.63884 18.087 0.042 5.85 819.0
2452910.48592 18.083 0.054 6.14 1296.0
2452910.54195 18.040 0.038 4.85 882.0
2452911.52623 18.036 0.043 5.41 953.0
2452912.47734 18.181 0.071 5.22 2626.0
2452915.48832 18.047 0.048 4.07 2150.0
2452916.52469 18.098 0.040 4.56 1172.0
2452917.51595 18.078 0.044 4.45 1255.0
2452918.50717 18.153 0.050 5.26 1116.0
2452920.51776 18.172 0.049 5.21 1234.0
2452921.50631 18.081 0.050 5.94 998.0
2452922.51332 18.064 0.046 5.09 1170.0
2452923.52228 18.163 0.038 4.06 1156.0
2452924.52014 18.089 0.032 3.52 1147.0
2452925.53017 18.068 0.033 4.26 950.0
2452927.51201 18.019 0.041 5.33 848.0
2452928.52341 18.113 0.039 4.51 924.0
2452930.51729 18.149 0.043 4.57 1051.0
2452931.51748 18.110 0.032 3.53 886.0
2452932.52366 18.141 0.036 3.57 1005.0
2452933.51685 18.112 0.039 4.26 1098.0
2452934.53301 18.148 0.044 4.52 1034.0
2452937.52714 18.159 0.047 5.39 1031.0
2452939.52852 18.067 0.046 5.28 1155.0
2452939.53323 18.093 0.047 5.31 2242.0
2452941.50156 18.070 0.045 4.92 2860.0
2452943.52479 18.188 0.075 6.04 4276.0
2452944.52474 18.072 0.054 5.69 3138.0
2452945.51029 18.003 0.051 5.44 3284.0
2452946.51642 18.212 0.059 5.69 2704.0
2452947.50824 18.072 0.053 5.23 3255.0
2452951.50479 18.046 0.053 4.59 4620.0
2452953.50688 18.042 0.044 4.11 3989.0
2453041.87669 18.036 0.043 4.69 3673.0
2453050.87089 18.141 0.041 4.51 2589.0
2453052.86027 18.133 0.040 4.81 1082.0
2453059.83591 18.160 0.037 4.60 905.0
2453064.85282 18.054 0.045 5.87 1087.0
2453068.80659 18.152 0.054 5.98 1180.0
2453070.88521 18.106 0.036 4.32 951.0
2453073.84129 18.072 0.034 4.27 1003.0
2453075.87941 18.054 0.033 4.00 1015.0
2453080.78360 18.248 0.038 3.88 1111.0
2453082.91525 18.129 0.037 3.77 1410.0
2453085.84189 18.094 0.031 4.55 671.0
2453086.91651 18.129 0.038 3.96 1348.0
2453088.83449 18.146 0.028 3.51 676.0
2453090.74759 18.099 0.030 4.00 753.0
2453096.90279 18.086 0.039 5.66 786.0
2453099.79848 18.073 0.041 5.41 889.0
2453101.78411 18.088 0.037 4.45 1053.0
2453103.80766 18.106 0.034 3.85 1009.0
2453104.86635 18.172 0.064 3.79 3845.0
2453106.87959 18.109 0.039 3.50 1680.0
2453108.80006 18.154 0.029 3.35 800.0
2453109.85902 18.099 0.030 4.11 768.0
2453110.86540 18.145 0.033 4.58 847.0
2453112.85073 18.113 0.029 4.17 631.0
2453114.81532 18.131 0.032 4.10 742.0
2453116.90346 18.048 0.034 4.65 768.0
2453123.79393 18.230 0.027 4.08 550.0
2453125.90585 18.047 0.044 5.96 842.0
2453127.85364 18.206 0.039 4.30 1016.0
2453128.85349 18.132 0.040 4.55 1074.0
2453130.73250 18.081 0.036 3.51 1312.0
2453131.69892 18.164 0.044 4.31 1309.0
2453135.93058 18.134 0.035 4.50 885.0
2453138.68484 18.085 0.037 4.93 794.0
2453139.91082 18.088 0.030 3.88 853.0
2453140.91428 18.122 0.035 4.54 741.0
2453142.79870 18.112 0.030 3.78 810.0
2453144.81868 18.088 0.029 4.03 705.0
2453146.85584 18.044 0.038 5.74 690.0
2453151.79079 18.101 0.036 5.24 682.0
2453151.93933 18.131 0.047 5.38 1113.0
2453152.78845 18.107 0.033 4.37 775.0
2453153.79109 18.092 0.037 4.87 800.0
2453154.87541 18.054 0.046 6.48 866.0
2453156.89494 18.073 0.038 4.70 975.0
2453162.60480 18.062 0.042 4.88 1209.0
2453163.78576 18.149 0.035 4.36 892.0
2453164.76802 18.123 0.028 3.75 742.0
2453164.90101 18.061 0.037 4.58 915.0
2453165.74155 18.168 0.031 4.04 769.0
2453167.62796 18.143 0.048 6.38 784.0
2453168.88674 18.097 0.036 4.31 957.0
2453169.75486 18.144 0.036 4.47 757.0
2453170.84276 18.051 0.027 3.65 713.0
2453171.81098 18.115 0.025 3.31 742.0
2453172.78191 18.097 0.032 4.52 708.0
2453173.88292 18.159 0.051 6.21 932.0
2453174.74175 18.090 0.028 3.74 711.0
2453175.75475 18.065 0.028 3.81 758.0
2453177.79097 18.111 0.048 6.65 848.0
2453179.53570 18.134 0.034 4.57 819.0
2453179.91494 18.151 0.051 6.09 1051.0
2453180.75674 18.135 0.027 3.80 575.0
2453182.81738 18.067 0.030 3.86 791.0
2453183.77238 18.131 0.036 4.94 666.0
2453184.73349 18.142 0.029 3.67 717.0
2453185.73693 18.097 0.035 4.00 903.0
2453194.58002 18.111 0.042 5.06 1043.0
2453195.71156 18.044 0.027 3.97 670.0
2453195.83207 18.142 0.035 4.22 848.0
2453196.80344 18.095 0.034 4.50 770.0
2453197.55775 18.110 0.035 4.64 785.0
2453199.66295 18.215 0.032 4.66 525.0
2453202.54921 18.128 0.031 4.45 668.0
2453203.69433 18.141 0.030 4.01 593.0
2453204.68524 18.139 0.029 3.97 575.0
2453205.54408 18.113 0.030 4.41 601.0
2453206.74943 18.069 0.037 5.85 706.0
2453209.66940 18.088 0.034 4.92 639.0
2453210.66948 18.108 0.030 4.11 728.0
2453211.63995 18.097 0.033 5.07 573.0
2453217.68416 18.120 0.036 3.95 1186.0
2453218.68291 18.072 0.043 5.16 1135.0
2453219.64860 18.228 0.049 5.63 865.0
2453223.68369 18.134 0.042 5.89 763.0
2453224.73173 18.125 0.041 4.93 956.0
2453226.66011 18.142 0.042 6.06 598.0
2453228.63300 18.152 0.033 4.77 583.0
2453229.66548 18.121 0.030 4.18 579.0
2453230.69896 17.970 0.035 5.65 679.0
2453231.60295 18.072 0.030 4.28 733.0
2453232.63942 18.188 0.044 6.59 617.0
2453238.65124 18.067 0.041 6.36 692.0
2453240.50338 18.113 0.031 3.99 826.0
2453241.68711 18.082 0.054 5.09 2026.0
2453245.58730 18.166 0.049 5.53 1193.0
2453246.69295 18.184 0.056 6.47 1093.0
2453247.63600 18.055 0.036 4.55 932.0
2453249.55960 18.128 0.040 5.16 798.0
2453250.69059 18.183 0.054 6.04 1220.0
2453256.66988 17.997 0.039 5.99 778.0
2453260.57964 18.082 0.034 4.68 694.0
2453265.59292 18.134 0.035 4.68 758.0
2453272.62167 18.041 0.036 4.79 933.0
2453275.58227 18.109 0.044 5.58 1007.0
2453279.55258 18.060 0.037 4.90 877.0
2453282.51110 18.057 0.033 4.43 799.0
2453288.57741 17.973 0.030 5.31 575.0
2453293.54804 17.952 0.022 5.41 344.0
2453295.55648 18.153 0.026 4.29 432.0
2453300.54180 18.165 0.046 4.70 1222.0
2453315.51341 17.973 0.064 7.69 1288.0
2453417.88621 18.109 0.028 4.24 675.0
2453423.84880 18.038 0.032 5.03 744.0
2453426.89425 18.171 0.035 4.43 870.0
2453429.87926 18.124 0.036 4.74 846.0
2453436.83866 18.210 0.048 6.47 704.0
2453443.79390 18.093 0.029 4.48 715.0
2453445.83514 18.128 0.027 3.89 635.0
2453447.88545 18.193 0.036 4.67 715.0
2453449.90244 18.105 0.027 3.90 644.0
2453452.91957 18.194 0.044 3.73 1771.0
2453453.79138 18.103 0.039 4.52 1142.0
2453455.86196 18.224 0.043 4.87 1004.0
2453456.87308 18.167 0.030 3.55 837.0
2453457.79073 18.076 0.031 4.32 859.0
2453458.83434 18.125 0.032 4.15 894.0
2453459.80893 18.042 0.030 4.18 938.0
2453467.91211 18.083 0.027 3.99 593.0
2453469.82136 18.175 0.027 3.64 600.0
2453470.86544 18.081 0.027 4.06 630.0
2453472.79275 18.124 0.030 4.26 649.0
2453473.88777 18.119 0.037 5.48 654.0
2453474.86013 18.039 0.032 4.93 622.0
2453475.92774 18.100 0.033 3.59 1299.0
2453477.79665 18.078 0.031 4.53 622.0
2453480.86295 17.983 0.029 4.96 606.0
2453481.87488 18.123 0.027 3.57 659.0
2453483.80722 18.072 0.028 3.82 775.0
2453496.76113 18.128 0.035 4.66 821.0
2453497.83263 18.150 0.035 4.70 758.0
2453499.75754 18.160 0.031 4.49 621.0
2453500.76212 18.052 0.029 4.16 668.0
2453502.71066 18.172 0.028 3.73 700.0
2453503.72129 18.101 0.026 3.92 573.0
2453504.73874 18.198 0.038 6.02 565.0
2453506.84062 18.093 0.039 5.81 694.0
2453508.81782 18.076 0.032 4.66 693.0
2453509.72097 18.120 0.028 4.22 582.0
2453511.70761 18.000 0.031 4.81 721.0
2453512.77656 18.213 0.037 3.97 996.0
2453517.81703 18.069 0.039 3.90 1933.0
2453520.85221 18.163 0.032 4.16 798.0
2453521.67144 18.055 0.027 4.29 569.0
2453522.78158 18.059 0.029 4.15 645.0
2453523.81633 18.141 0.029 4.05 635.0
2453524.80397 18.080 0.031 3.97 806.0
2453525.78365 18.191 0.030 4.13 580.0
2453526.86900 18.112 0.034 4.53 688.0
2453528.58760 18.097 0.030 4.29 751.0
2453530.81305 18.084 0.025 3.70 598.0
2453537.78088 18.130 0.029 4.42 569.0
2453538.71032 18.125 0.027 3.70 724.0
2453540.68429 18.152 0.031 4.00 775.0
2453544.76809 18.127 0.036 3.77 1325.0
2453546.88532 18.028 0.048 5.98 1393.0
2453547.84271 18.129 0.039 5.19 862.0
2453549.79665 18.240 0.039 4.76 904.0
2453550.66918 18.167 0.027 3.91 674.0
2453550.72227 18.108 0.028 4.22 636.0
2453550.75596 18.056 0.023 3.75 644.0
2453550.77576 18.192 0.028 4.06 605.0
2453550.79015 18.211 0.028 3.78 658.0
2453550.80485 18.077 0.027 3.89 705.0
2453550.81950 18.212 0.030 3.61 807.0
2453550.84542 18.108 0.032 4.36 874.0
2453551.59485 18.043 0.023 3.97 593.0
2453551.67457 18.131 0.022 3.35 671.0
2453551.73165 18.189 0.024 3.68 537.0
2453551.81086 18.158 0.032 4.61 630.0
2453551.88013 18.133 0.049 6.08 1052.0
2453552.59592 18.036 0.029 4.68 1054.0
2453552.70603 18.160 0.029 4.03 595.0
2453553.70867 18.094 0.036 5.22 721.0
2453553.78386 18.122 0.037 4.81 910.0
2453554.70427 18.065 0.032 4.96 634.0
2453554.79875 18.146 0.037 5.12 691.0
2453555.65593 18.091 0.035 5.77 562.0
2453555.69507 18.054 0.029 4.67 619.0
2453555.77209 18.006 0.040 6.40 725.0
2453555.82886 17.977 0.046 7.12 814.0
2453556.55428 17.975 0.043 6.82 841.0
2453556.66354 18.082 0.032 4.90 464.0
2453556.75583 18.188 0.038 5.25 473.0
2453556.83791 18.086 0.043 6.25 785.0
2453558.46917 18.083 0.045 5.83 1102.0
2453558.59147 18.038 0.029 4.54 642.0
2453558.74248 18.154 0.036 5.27 595.0
2453558.84480 18.082 0.033 5.01 670.0
2453559.57038 18.098 0.035 5.10 724.0
2453559.68735 18.129 0.030 4.17 590.0
2453560.47330 18.146 0.043 6.07 793.0
2453560.56099 18.113 0.036 5.09 485.0
2453560.64047 18.111 0.025 3.63 592.0
2453560.73869 18.186 0.030 3.98 438.0
2453560.82062 18.015 0.029 4.50 455.0
2453560.85096 18.053 0.035 5.15 557.0
2453561.46552 18.173 0.060 6.06 1160.0
2453561.50927 18.131 0.034 4.29 719.0
2453561.53585 18.168 0.036 4.31 682.0
2453561.57756 18.128 0.029 3.59 550.0
2453561.62432 18.110 0.026 3.43 460.0
2453561.67310 18.123 0.034 4.77 439.0
2453561.71145 18.086 0.025 3.50 452.0
2453561.71472 18.197 0.027 3.46 291.0
2453561.74707 18.053 0.025 3.68 570.0
2453561.76115 18.073 0.025 3.72 569.0
2453561.77681 18.138 0.026 3.73 578.0
2453561.80109 18.162 0.028 3.94 603.0
2453561.84787 18.132 0.031 4.16 750.0
2453562.46533 18.065 0.043 5.27 1340.0
2453562.62493 18.080 0.032 4.82 649.0
2453562.79301 18.114 0.030 3.98 639.0
2453562.84776 18.002 0.033 5.16 823.0
2453563.67139 18.034 0.025 3.85 561.0
2453563.78203 18.062 0.035 5.24 691.0
2453564.56494 18.215 0.039 5.27 670.0
2453568.80845 18.205 0.043 5.46 851.0
2453569.48983 18.078 0.044 5.38 1148.0
2453569.70866 18.050 0.051 4.52 2497.0
2453573.69531 18.039 0.033 4.49 898.0
2453573.72956 18.149 0.037 4.49 965.0
2453574.72330 18.190 0.035 4.13 825.0
2453575.66215 18.146 0.026 3.50 663.0
2453576.72456 18.142 0.037 5.07 726.0
2453577.77291 18.121 0.031 4.64 588.0
2453578.70955 18.119 0.026 4.02 552.0
2453579.65486 18.137 0.027 4.06 552.0
2453580.69138 18.047 0.030 4.92 590.0
2453581.70782 18.071 0.027 4.26 560.0
2453582.63359 18.144 0.030 4.26 532.0
2453583.67020 18.101 0.029 4.62 552.0
2453584.67898 18.156 0.028 3.95 564.0
2453585.67699 18.100 0.025 3.85 461.0
2453586.70841 18.108 0.024 3.64 579.0
2453588.75948 18.106 0.036 5.56 676.0
2453589.72078 18.122 0.032 4.84 613.0
2453590.71698 18.115 0.032 4.47 686.0
2453592.68968 18.205 0.030 4.26 565.0
2453601.69324 18.058 0.034 4.32 1056.0
2453602.69343 18.113 0.046 5.61 1101.0
2453603.67359 18.127 0.034 4.75 716.0
2453607.67209 18.103 0.031 4.85 590.0
2453608.68805 18.130 0.033 4.72 628.0
2453615.61533 18.091 0.029 4.72 560.0
2453618.61886 18.074 0.033 4.63 749.0
2453620.58208 18.128 0.028 3.96 571.0
2453628.58410 18.161 0.036 4.07 1062.0
2453630.59818 18.259 0.046 4.81 977.0
2453634.52903 18.206 0.033 4.36 646.0
2453639.53607 18.132 0.026 3.40 679.0
2453641.58164 18.183 0.043 5.20 873.0
2453644.54635 18.163 0.032 4.20 721.0
2453649.53575 18.163 0.030 4.11 688.0
2453651.58783 18.042 0.037 5.32 853.0
2453654.57294 18.044 0.061 4.70 2987.0
2453655.52070 18.112 0.041 4.71 1041.0
2453655.52443 18.098 0.040 4.74 2082.0
2453655.55298 18.141 0.034 4.07 984.0
2453657.54622 18.033 0.038 4.54 1121.0
2453659.54799 18.213 0.055 5.79 1169.0
2453662.55247 18.158 0.052 5.67 1227.0
2453665.52294 18.153 0.041 4.30 1014.0
2453674.50548 18.247 0.049 4.79 1191.0
2453777.85747 18.150 0.038 4.54 1012.0
2453782.89348 18.125 0.035 3.69 1417.0
2453785.85506 18.185 0.032 3.63 894.0
2453787.86720 18.191 0.033 3.78 923.0
2453791.84156 18.236 0.051 5.88 928.0
2453793.88576 18.088 0.031 3.80 871.0
2453795.87001 18.118 0.036 4.67 899.0
2453796.90246 18.055 0.031 4.09 898.0
2453798.83333 18.179 0.034 4.19 750.0
2453799.88771 18.059 0.042 5.69 975.0
2453801.84247 18.031 0.031 4.28 815.0
2453802.87685 18.120 0.032 4.13 738.0
2453804.79005 18.148 0.038 5.17 714.0
2453805.82863 18.153 0.033 4.22 757.0
2453806.82534 18.069 0.033 4.66 812.0
2453807.84955 18.148 0.034 4.09 941.0
2453808.85319 18.125 0.033 4.10 925.0
2453809.91006 18.110 0.033 3.67 1324.0
2453810.90615 18.067 0.032 3.94 1080.0
2453811.79670 18.115 0.045 5.97 882.0
2453812.87418 18.060 0.037 4.63 914.0
2453813.85733 18.098 0.032 4.23 866.0
2453814.85277 18.078 0.028 3.44 846.0
2453818.77043 18.055 0.035 4.44 1080.0
2453819.83410 18.163 0.027 3.76 630.0
2453820.79811 17.971 0.023 3.66 612.0
2453821.80132 18.133 0.031 4.34 656.0
2453822.84496 18.180 0.031 3.97 716.0
2453823.80595 18.144 0.028 3.82 648.0
2453824.79240 18.075 0.046 6.50 800.0
2453825.83196 18.160 0.035 4.82 714.0
2453826.79169 18.134 0.037 5.06 694.0
2453827.83213 18.150 0.027 3.93 579.0
2453828.81223 18.059 0.030 4.42 662.0
2453829.74000 18.098 0.032 4.81 705.0
2453830.76860 18.102 0.028 3.52 757.0
2453832.77194 18.062 0.029 4.54 648.0
2453833.79920 18.108 0.025 3.47 612.0
2453834.77112 18.080 0.028 4.03 720.0
2453835.75983 18.108 0.033 4.58 764.0
2453836.72125 18.183 0.042 5.21 972.0
2453837.76195 18.157 0.043 5.25 860.0
2453838.76987 18.170 0.045 5.51 912.0
2453838.88727 18.132 0.036 4.53 853.0
2453839.76576 18.039 0.036 4.70 1014.0
2453840.76893 18.122 0.036 4.39 973.0
2453841.72412 18.073 0.036 4.96 1020.0
2453841.87411 18.123 0.029 3.20 1084.0
2453842.71575 18.112 0.042 4.41 1636.0
2453845.74561 18.245 0.087 5.21 3966.0
2453846.75655 18.078 0.029 4.16 680.0
2453846.88519 18.149 0.031 3.93 791.0
2453847.82959 18.064 0.035 4.82 780.0
2453848.77961 18.065 0.033 4.95 668.0
2453848.89835 18.157 0.038 4.64 763.0
2453849.77712 18.206 0.033 4.17 706.0
2453850.72234 18.172 0.034 4.50 703.0
2453850.89522 18.062 0.036 4.69 850.0
2453851.73597 18.112 0.033 4.86 682.0
2453851.90073 18.083 0.033 4.51 724.0
2453852.72451 18.217 0.038 4.89 710.0
2453852.84532 18.110 0.033 4.76 711.0
2453852.93000 18.092 0.045 5.48 1055.0
2453853.71718 18.047 0.024 3.79 601.0
2453853.88140 18.154 0.029 3.94 665.0
2453856.70310 18.105 0.031 4.14 849.0
2453856.89353 18.126 0.027 4.04 820.0
2453856.91127 18.079 0.028 3.48 810.0
2453858.74233 18.128 0.031 4.69 601.0
2453859.85730 18.090 0.030 3.94 734.0
2453860.69776 18.193 0.037 5.56 686.0
2453861.69515 18.135 0.035 4.68 783.0
2453861.79930 18.085 0.028 4.00 665.0
2453861.89705 18.103 0.026 3.43 742.0
2453862.67702 18.085 0.034 4.79 855.0
2453862.89176 18.008 0.029 3.88 918.0
2453863.68986 18.079 0.030 4.11 851.0
2453863.83365 18.112 0.027 3.50 662.0
2453863.90976 18.069 0.025 3.31 694.0
2453864.70665 18.019 0.027 3.73 752.0
2453864.89287 18.106 0.026 3.42 673.0
2453865.66656 18.036 0.033 4.46 929.0
2453865.80227 18.053 0.028 3.84 743.0
2453865.88079 18.133 0.028 3.76 694.0
2453866.71212 18.171 0.030 3.74 762.0
2453866.85162 18.171 0.032 3.91 734.0
2453867.65806 18.135 0.034 4.16 1084.0
2453867.84352 18.169 0.032 3.54 1001.0
2453867.91374 18.068 0.030 3.64 1051.0
2453868.66585 18.076 0.042 4.53 1343.0
2453868.80805 18.112 0.033 3.78 1028.0
2453868.88961 18.118 0.037 4.13 1130.0
2453869.63765 18.030 0.037 4.34 1542.0
2453869.82690 18.181 0.041 4.11 1360.0
2453869.89932 18.145 0.038 3.74 1422.0
2453873.69943 18.123 0.031 3.85 764.0
2453873.83850 18.162 0.030 3.67 777.0
2453873.90899 18.076 0.031 3.95 835.0
2453874.70070 18.132 0.032 4.44 649.0
2453874.86920 18.095 0.030 3.69 810.0
2453875.63739 18.029 0.026 3.96 618.0
2453875.78466 18.101 0.025 3.17 697.0
2453875.86232 18.124 0.027 3.59 717.0
2453876.66078 18.092 0.024 3.99 610.0
2453877.66527 18.186 0.029 4.18 603.0
2453877.81348 18.024 0.025 3.70 656.0
2453877.88726 18.086 0.030 4.08 823.0
2453880.86881 18.231 0.034 4.37 783.0
2453881.68905 18.121 0.030 4.00 753.0
2453881.83181 18.125 0.026 3.29 811.0
2453882.60119 18.017 0.030 4.61 760.0
2453882.80409 18.084 0.030 4.28 747.0
2453882.87426 18.160 0.029 3.64 731.0
2453883.66655 18.052 0.027 4.02 672.0
2453883.89942 18.110 0.029 3.83 738.0
2453886.63183 18.074 0.029 4.13 734.0
2453886.82134 18.088 0.024 3.51 597.0
2453886.89340 18.130 0.029 3.98 683.0
2453886.91942 18.096 0.031 4.49 716.0
2453887.60190 18.128 0.033 4.79 747.0
2453887.80456 18.015 0.028 4.34 692.0
2453887.83235 18.161 0.033 4.50 702.0
2453887.90444 18.093 0.033 4.43 877.0
2453888.63275 18.290 0.036 5.41 551.0
2453889.68436 18.129 0.027 3.74 622.0
2453890.57264 18.126 0.040 5.06 940.0
2453891.70892 18.152 0.032 4.32 669.0
2453891.82595 18.083 0.030 4.11 714.0
2453891.90762 18.155 0.036 4.76 777.0
2453892.61935 18.127 0.043 5.71 895.0
2453893.65359 18.180 0.041 5.61 708.0
2453893.90132 18.146 0.041 5.28 839.0
2453894.70142 18.133 0.037 5.21 647.0
2453896.64517 18.156 0.044 5.19 1007.0
2453900.56049 18.169 0.062 4.95 2583.0
2453900.74689 18.105 0.031 3.49 1022.0
2453900.82229 18.108 0.033 3.69 1082.0
2453901.57432 18.093 0.037 5.20 865.0
2453901.74913 18.213 0.044 5.08 883.0
2453901.82595 18.097 0.037 4.90 846.0
2453901.89842 18.015 0.036 4.57 1214.0
2453902.59525 17.993 0.024 3.80 770.0
2453902.78038 18.163 0.032 3.98 883.0
2453902.89906 18.155 0.046 5.48 1047.0
2453903.68413 18.110 0.031 4.29 771.0
2453904.57829 18.051 0.025 3.83 642.0
2453904.74151 18.205 0.031 3.49 759.0
2453904.81054 18.121 0.029 3.66 706.0
2453904.86331 18.204 0.035 4.11 815.0
2453905.57519 18.126 0.028 3.81 657.0
2453905.74918 18.088 0.025 3.46 681.0
2453905.82182 18.176 0.025 3.14 686.0
2453905.89039 18.104 0.034 4.27 1019.0
2453906.51388 18.107 0.049 5.84 1129.0
2453906.68372 18.149 0.032 4.14 735.0
2453906.75669 18.083 0.028 3.73 688.0
2453906.82930 18.160 0.035 4.31 748.0
2453907.62034 18.098 0.030 4.26 680.0
2453907.81522 18.045 0.046 6.36 856.0
2453907.88779 18.046 0.042 5.92 867.0
2453908.55655 18.138 0.034 3.92 1049.0
2453908.74699 18.139 0.029 3.81 722.0
2453908.82227 18.138 0.029 3.98 655.0
2453909.56168 18.170 0.035 4.69 724.0
2453909.75605 18.118 0.025 3.76 537.0
2453909.83797 18.087 0.030 4.18 657.0
2453910.61038 18.125 0.029 3.91 655.0
2453912.56080 18.110 0.023 3.06 716.0
2453912.57805 18.115 0.024 3.14 691.0
2453912.75758 18.164 0.024 3.30 545.0
2453912.84545 18.127 0.027 3.58 646.0
2453913.55857 18.121 0.026 3.44 700.0
2453913.76078 18.135 0.038 5.26 734.0
2453913.85057 18.175 0.032 4.19 711.0
2453914.57604 18.127 0.031 4.18 734.0
2453915.55656 18.053 0.031 4.57 766.0
2453915.75991 18.058 0.026 4.20 575.0
2453915.85686 18.140 0.033 4.76 673.0
2453916.60444 18.096 0.037 5.54 709.0
2453916.77708 18.118 0.038 5.73 661.0
2453917.64441 18.093 0.034 4.78 713.0
2453917.84732 18.053 0.043 6.32 795.0
2453918.63791 18.070 0.031 4.36 711.0
2453918.84760 18.084 0.038 5.36 771.0
2453919.57277 18.110 0.043 5.73 849.0
2453919.81720 18.176 0.041 5.66 747.0
2453920.54240 18.179 0.030 3.74 685.0
2453920.73868 18.123 0.034 4.77 676.0
2453920.81741 18.054 0.025 3.39 745.0
2453921.53540 18.053 0.031 4.00 905.0
2453921.74585 18.057 0.043 5.84 768.0
2453922.74232 18.154 0.038 5.30 741.0
2453930.58996 18.151 0.033 3.86 904.0
2453931.54102 18.075 0.034 4.59 827.0
2453931.66443 18.086 0.031 4.18 717.0
2453932.55290 18.115 0.037 4.60 909.0
2453933.54186 18.111 0.029 3.78 770.0
2453933.72316 18.018 0.027 4.00 861.0
2453933.79875 18.155 0.035 4.46 815.0
2453934.51260 18.092 0.031 4.14 800.0
2453934.56454 18.061 0.028 3.83 800.0
2453934.63600 18.096 0.026 3.68 605.0
2453934.70641 18.119 0.031 4.36 640.0
2453934.77547 18.117 0.028 3.92 642.0
2453934.79282 18.078 0.029 4.25 682.0
2453934.80927 18.090 0.031 4.38 756.0
2453934.82422 18.068 0.030 4.33 749.0
2453934.83369 18.210 0.035 4.62 771.0
2453935.50769 18.100 0.035 4.97 737.0
2453935.56244 18.075 0.029 4.08 682.0
2453935.73378 18.093 0.037 5.49 648.0
2453935.78552 18.048 0.034 5.29 717.0
2453936.51606 18.120 0.035 4.77 717.0
2453936.68139 18.072 0.032 4.19 681.0
2453936.75893 18.112 0.032 3.86 815.0
2453937.58413 18.109 0.038 5.41 670.0
2453938.52355 18.072 0.039 5.45 793.0
2453938.72521 18.149 0.035 4.89 633.0
2453938.77440 18.114 0.039 5.57 659.0
2453940.62660 18.136 0.026 3.61 677.0
2453941.66994 18.211 0.045 6.49 588.0
2453944.58012 18.181 0.028 4.21 643.0
2453945.52895 18.266 0.035 4.36 725.0
2453945.71701 18.226 0.037 4.60 677.0
2453946.53925 18.074 0.037 5.56 743.0
2453946.72865 18.151 0.032 4.65 581.0
2453950.54721 18.087 0.024 3.37 587.0
2453950.76672 18.137 0.034 4.97 684.0
2453951.54348 18.078 0.035 4.97 731.0
2453956.58987 18.079 0.043 5.38 1009.0
2453957.53075 18.206 0.046 5.69 858.0
2453958.60353 18.096 0.035 4.18 913.0
2453959.54348 18.099 0.032 4.62 701.0
2453959.70782 18.033 0.035 5.16 820.0
2453960.52144 18.160 0.030 4.13 644.0
2453960.70135 18.139 0.029 3.61 800.0
2453961.59654 18.254 0.052 5.99 853.0
2453963.48309 18.034 0.037 5.50 757.0
2453963.65763 18.141 0.035 4.95 678.0
2453963.73098 18.213 0.045 6.21 724.0
2453964.55318 18.197 0.030 3.81 674.0
2453965.54247 18.077 0.025 3.56 587.0
2453965.73238 18.113 0.030 4.64 671.0
2453966.53439 18.071 0.030 4.14 721.0
2453966.71621 18.180 0.037 5.18 672.0
2453967.55811 18.076 0.040 5.65 707.0
2453968.52091 18.151 0.035 4.35 825.0
2453968.69242 18.137 0.037 4.99 725.0
2453969.52480 18.176 0.038 5.33 662.0
2453969.70342 18.182 0.037 5.21 613.0
2453970.53664 18.188 0.037 4.97 630.0
2453970.71654 18.125 0.031 4.78 630.0
2453971.57643 18.093 0.038 5.54 654.0
2453973.60156 18.048 0.030 4.92 592.0
2453974.53141 18.085 0.037 5.60 660.0
2453975.53387 18.159 0.032 4.46 640.0
2453976.52866 18.153 0.030 4.14 661.0
2453982.60561 18.080 0.035 4.03 1112.0
2453986.60564 18.200 0.040 4.90 918.0
2453987.52802 18.065 0.033 4.39 804.0
2453988.54086 18.111 0.031 4.25 675.0
2453989.60257 18.018 0.038 5.36 804.0
2453990.64483 17.998 0.036 6.08 772.0
2453994.49755 18.074 0.041 5.96 781.0
2453995.59517 18.127 0.031 4.25 694.0
2453999.63271 18.118 0.036 5.23 844.0
2454000.53975 18.036 0.035 5.45 736.0
2454001.52949 18.099 0.038 5.01 856.0
2454002.52619 18.127 0.031 4.15 687.0
2454004.54914 18.121 0.042 5.50 795.0
2454005.55184 18.181 0.037 4.34 767.0
2454006.54651 18.080 0.029 3.83 710.0
2454012.52220 18.256 0.055 6.33 871.0
2454016.56413 18.181 0.051 5.81 1003.0
2454018.57671 18.159 0.043 4.76 894.0
2454021.56064 18.276 0.052 5.54 1033.0
2454024.50839 18.121 0.043 5.68 825.0
2454026.50391 18.102 0.031 4.50 739.0
2454028.51996 18.229 0.045 5.26 834.0
2454031.52003 18.053 0.036 4.80 903.0
2454038.52521 18.017 0.039 5.22 915.0
2454041.52434 18.106 0.049 5.53 1273.0
2454142.87523 17.993 0.047 6.03 1240.0
2454151.88039 18.090 0.042 5.60 837.0
2454154.82783 18.160 0.040 4.35 954.0
2454156.88084 18.112 0.042 5.31 825.0
2454159.81488 18.099 0.036 4.33 993.0
2454161.86831 18.088 0.040 4.92 1091.0
2454163.88431 18.127 0.033 3.45 1120.0
2454165.84117 18.163 0.048 4.80 1478.0
2454168.83867 18.053 0.040 4.33 1198.0
2454170.83886 18.014 0.035 4.12 1183.0
2454175.87474 18.063 0.034 4.58 769.0
2454177.77451 18.088 0.035 4.61 766.0
2454178.83184 18.168 0.037 4.25 781.0
2454179.87172 18.116 0.031 3.54 805.0
2454181.80814 18.179 0.037 4.59 731.0
2454182.85669 18.148 0.031 3.91 700.0
2454183.88919 18.130 0.033 4.06 830.0
2454184.75926 18.044 0.038 5.32 775.0
2454185.76565 18.047 0.039 5.69 774.0
2454191.77617 18.114 0.048 5.65 1032.0
2454193.78728 18.124 0.047 5.40 1123.0
2454194.81014 18.061 0.037 4.74 885.0
2454196.80014 18.119 0.039 4.67 956.0
2454202.78174 18.110 0.029 3.53 819.0
2454203.76952 18.101 0.029 3.68 703.0
2454204.76188 18.079 0.034 4.40 815.0
2454205.76010 18.100 0.031 4.35 646.0
2454205.91151 18.149 0.033 3.93 819.0
2454207.75135 18.112 0.032 4.18 772.0
2454208.70530 18.078 0.037 4.83 814.0
2454211.81661 18.136 0.039 5.58 676.0
2454212.84618 18.096 0.041 5.41 717.0
2454213.75424 18.104 0.034 4.48 719.0
2454215.76726 18.007 0.036 5.22 753.0
2454216.72515 18.060 0.031 4.16 772.0
2454217.73265 18.087 0.028 3.47 767.0
2454217.89395 18.092 0.026 3.15 739.0
2454218.78240 18.102 0.045 5.95 795.0
2454219.78966 18.022 0.031 4.32 752.0
2454220.72858 18.141 0.038 4.65 853.0
2454222.69730 18.044 0.039 4.73 1167.0
2454224.81040 17.962 0.030 3.72 1150.0
2454228.70275 17.822 0.030 3.90 1395.0
2454229.69634 17.720 0.029 5.23 875.0
2454229.89326 17.672 0.024 4.00 936.0
2454230.64454 17.547 0.023 4.54 826.0
2454230.83252 17.410 0.023 5.64 773.0
2454230.89420 17.448 0.024 5.06 935.0
2454231.66850 17.208 0.015 4.95 813.0
2454231.71956 17.214 0.015 4.32 844.0
2454231.87459 17.138 0.017 4.52 866.0
2454232.62287 16.711 0.015 6.05 1187.0
2454232.65625 16.664 0.013 5.92 1108.0
2454232.78126 16.529 0.010 4.66 915.0
2454232.82067 16.496 0.011 5.53 1013.0
2454232.85609 16.447 0.012 5.79 961.0
2454232.88985 16.404 0.011 5.72 917.0
2454232.91882 16.367 0.010 5.49 882.0
2454232.93666 16.325 0.012 5.43 1610.0
2454233.64991 12.397 0.001 7.95 502.0
2454233.65630 11.885 0.001 7.19 342.0
2454233.65858 11.665 0.001 6.30 330.0
2454233.66083 11.301 0.001 7.33 334.0
2454233.66293 10.742 0.001 7.65 337.0
2454233.66499 10.555 0.001 9.24 253.0
2454233.66721 10.467 0.001 8.73 169.0
2454233.66927 10.497 0.001 6.67 164.0
2454233.67100 10.629 0.001 7.04 162.0
2454233.67265 10.942 0.001 5.86 163.0
2454233.67425 11.326 0.001 7.13 165.0
2454233.68535 12.452 0.001 7.69 158.0
2454233.68702 12.521 0.001 6.63 157.0
2454233.68897 12.660 0.001 7.75 398.0
2454233.69173 12.771 0.001 8.08 935.0
2454233.69507 12.905 0.001 7.31 759.0
2454233.69787 13.024 0.002 7.95 747.0
2454233.70088 13.114 0.002 7.45 876.0
2454233.70389 13.189 0.002 6.74 862.0
2454233.70678 13.282 0.002 7.09 861.0
2454233.71420 13.458 0.002 5.99 817.0
2454233.72021 13.580 0.002 5.92 826.0
2454233.72327 13.666 0.002 7.44 489.0
2454233.72595 13.738 0.002 8.14 854.0
2454233.72883 13.762 0.002 6.76 857.0
2454233.73183 13.802 0.002 5.64 829.0
2454233.73476 13.850 0.002 5.64 834.0
2454233.73766 13.893 0.002 6.46 848.0
2454233.74058 13.949 0.002 5.72 856.0
2454233.74348 13.998 0.002 5.37 865.0
2454233.75046 14.091 0.002 5.61 898.0
2454233.75905 14.204 0.003 6.80 938.0
2454233.76791 14.299 0.003 6.80 971.0
2454233.77086 14.335 0.003 6.81 959.0
2454233.77380 14.352 0.003 6.54 925.0
2454233.77675 14.380 0.003 5.94 937.0
2454233.78301 14.451 0.003 5.72 904.0
2454233.78862 14.490 0.003 5.34 903.0
2454233.79445 14.551 0.003 5.33 914.0
2454233.80137 14.601 0.003 5.45 927.0
2454233.81263 14.686 0.003 5.09 952.0
2454233.82161 14.759 0.003 5.87 949.0
2454233.83004 14.807 0.004 6.21 974.0
2454233.84004 14.882 0.004 5.87 997.0
2454233.84899 14.923 0.003 4.51 991.0
2454233.85745 14.963 0.003 4.55 1032.0
2454233.86601 15.013 0.004 5.64 1043.0
2454233.87899 15.093 0.003 5.10 1071.0
2454233.88731 15.102 0.003 5.08 1107.0
2454233.89571 15.156 0.004 5.21 1148.0
2454233.90399 15.188 0.004 4.97 1162.0
2454233.91247 15.234 0.004 5.33 1135.0
2454233.92223 15.274 0.005 5.85 1153.0
2454233.92822 15.302 0.005 6.35 1169.0
2454233.93125 15.317 0.006 6.40 1220.0
2454233.93413 15.324 0.005 5.73 1318.0
2454233.93704 15.340 0.006 5.91 1966.0
2454234.61520 16.593 0.015 6.63 1146.0
2454234.61909 16.622 0.015 6.39 1149.0
2454234.62650 16.647 0.015 6.20 1093.0
2454234.63407 16.648 0.014 6.24 1038.0
2454234.64058 16.599 0.011 5.41 1011.0
2454234.65400 16.609 0.011 5.02 975.0
2454234.66230 16.630 0.012 5.34 922.0
2454234.67072 16.639 0.013 5.96 899.0
2454234.67910 16.646 0.012 5.10 927.0
2454234.69412 16.683 0.013 5.48 890.0
2454234.71978 16.666 0.011 4.58 843.0
2454234.73251 16.691 0.011 4.78 847.0
2454234.76193 16.724 0.011 4.67 753.0
2454234.78218 16.728 0.011 4.37 789.0
2454234.80483 16.771 0.011 3.86 791.0
2454234.84231 16.785 0.011 3.89 861.0
2454234.88142 16.862 0.015 5.29 903.0
2454234.89891 16.847 0.014 4.71 966.0
2454234.90453 16.824 0.013 4.56 971.0
2454234.92005 16.827 0.013 4.56 1020.0
2454234.92861 16.878 0.015 5.07 1053.0
2454234.93743 16.899 0.019 5.41 1506.0
2454235.62361 17.222 0.021 5.40 1075.0
2454235.69290 17.293 0.016 3.73 887.0
2454235.74182 17.258 0.016 3.56 892.0
2454235.75037 17.274 0.016 3.69 899.0
2454235.85395 17.329 0.016 3.69 752.0
2454235.91606 17.323 0.029 5.79 959.0
2454237.61943 17.701 0.035 6.46 907.0
2454238.69080 17.894 0.029 4.53 846.0
2454238.90028 17.852 0.037 5.34 1173.0
2454239.66265 17.945 0.029 4.38 780.0
2454240.70232 17.968 0.027 3.85 752.0
2454240.85598 17.932 0.032 4.61 858.0
2454243.66800 18.073 0.037 5.12 768.0
2454243.76143 18.050 0.033 4.26 824.0
2454243.85430 18.038 0.036 4.85 820.0
2454244.64017 18.026 0.045 6.20 903.0
2454244.73655 18.093 0.031 3.76 799.0
2454244.82915 18.060 0.032 4.11 874.0
2454245.63325 17.994 0.032 4.86 724.0
2454245.72756 18.041 0.028 3.97 641.0
2454245.82302 18.069 0.029 3.85 684.0
2454245.87353 18.082 0.036 4.73 793.0
2454246.69196 18.056 0.032 4.37 761.0
2454246.78506 18.089 0.034 4.35 795.0
2454246.87776 18.046 0.031 3.76 949.0
2454247.70700 18.115 0.036 4.55 827.0
2454250.75508 18.100 0.036 4.07 1075.0
2454256.64749 18.074 0.046 6.04 922.0
2454256.79295 18.018 0.045 5.89 1010.0
2454257.67440 18.102 0.037 4.88 780.0
2454258.65791 18.098 0.043 5.78 819.0
2454258.78073 18.172 0.036 4.30 852.0
2454258.87335 18.061 0.044 5.34 1049.0
2454267.61761 18.120 0.038 5.04 849.0
2454268.68710 18.137 0.028 3.90 795.0
2454268.86458 18.082 0.042 5.11 979.0
2454269.59983 18.189 0.033 3.98 753.0
2454269.75009 18.116 0.034 4.40 708.0
2454270.53452 18.143 0.050 5.72 1170.0
2454272.58103 18.111 0.039 4.61 1074.0
2454272.73092 18.069 0.029 3.77 695.0
2454272.78954 18.070 0.034 4.36 896.0
2454272.86090 18.070 0.046 5.62 1125.0
2454273.64139 18.125 0.039 4.83 846.0
2454273.81955 18.107 0.040 4.38 1128.0
2454273.88075 18.210 0.056 5.52 1394.0
2454274.57248 18.113 0.043 5.04 1081.0
2454274.72539 18.079 0.041 5.38 882.0
2454274.78629 18.110 0.035 4.07 940.0
2454274.84582 18.058 0.042 5.48 1096.0
2454275.62399 18.091 0.035 4.30 898.0
2454275.79929 18.094 0.046 5.54 1077.0
2454275.86039 18.118 0.055 5.99 1371.0
2454276.60876 18.185 0.045 5.54 865.0
2454277.55247 18.092 0.045 5.24 1130.0
2454277.72954 18.070 0.037 4.82 870.0
2454277.78820 18.080 0.044 5.51 946.0
2454278.59742 18.070 0.044 5.64 981.0
2454278.77372 18.101 0.051 6.35 1002.0
2454283.53501 18.089 0.043 4.31 1436.0
2454284.52681 18.025 0.039 4.61 1137.0
2454284.67642 18.063 0.041 4.44 1105.0
2454284.73654 18.108 0.031 3.55 1000.0
2454284.79857 18.122 0.041 4.07 1183.0
2454284.86357 18.234 0.059 4.66 1701.0
2454285.52997 18.055 0.041 4.51 1065.0
2454285.72352 18.122 0.039 4.46 870.0
2454285.78480 18.169 0.038 4.20 855.0
2454285.85001 18.108 0.041 4.52 1104.0
2454286.52973 18.075 0.042 4.69 1246.0
2454289.54064 18.064 0.039 4.89 934.0
2454289.75955 18.106 0.042 5.26 838.0
2454289.82437 18.092 0.036 4.84 825.0
2454290.58692 18.173 0.045 5.87 712.0
2454291.60659 18.133 0.033 4.01 743.0
2454292.51218 18.124 0.032 3.83 899.0
2454292.69119 18.119 0.030 3.64 798.0
2454292.74997 18.132 0.030 3.69 744.0
2454292.81299 18.149 0.043 5.07 914.0
2454293.51294 18.087 0.032 3.93 744.0
2454293.69711 18.066 0.031 4.25 689.0
2454293.75585 18.134 0.032 3.90 734.0
2454293.79610 18.136 0.036 4.37 780.0
2454293.83361 18.150 0.037 4.49 800.0
2454294.51155 18.091 0.033 3.86 930.0
2454295.52172 18.149 0.036 4.65 732.0
2454295.71681 18.077 0.031 4.37 585.0
2454295.77541 18.079 0.031 4.45 603.0
2454295.84081 18.113 0.046 6.23 893.0
2454296.51581 18.084 0.035 4.45 798.0
2454296.72152 18.073 0.034 4.77 624.0
2454297.53561 18.069 0.035 4.68 743.0
2454297.74018 18.190 0.043 5.63 686.0
2454298.57009 18.180 0.043 5.55 668.0
2454298.68173 18.167 0.035 4.61 599.0
2454298.81913 18.162 0.051 6.21 954.0
2454299.55718 18.108 0.028 3.58 659.0
2454299.64710 18.056 0.028 3.98 618.0
2454299.73838 18.150 0.033 4.41 603.0
2454300.55383 18.127 0.036 4.51 724.0
2454300.66900 18.074 0.030 4.28 607.0
2454300.78411 18.142 0.038 4.39 857.0
2454301.53996 18.182 0.034 3.92 901.0
2454301.63622 18.109 0.033 4.15 770.0
2454301.73840 18.173 0.033 4.00 669.0
2454302.61294 18.031 0.033 4.60 684.0
2454302.77804 18.157 0.037 4.90 659.0
2454303.69955 18.012 0.034 4.80 648.0
2454304.57784 18.102 0.039 4.45 1050.0
2454304.71420 18.046 0.047 6.16 970.0
2454306.58358 18.086 0.047 6.05 926.0
2454306.72010 18.120 0.048 6.34 879.0
2454310.63721 18.068 0.048 4.41 1910.0
2454312.52479 18.087 0.045 4.78 1303.0
2454312.76766 18.051 0.034 4.16 1012.0
2454314.78225 18.102 0.050 5.98 981.0
2454315.55627 18.072 0.034 4.27 847.0
2454316.58579 18.176 0.033 4.13 670.0
2454317.50843 18.061 0.033 4.39 779.0
2454319.54351 18.136 0.034 4.17 786.0
2454319.68947 18.077 0.044 6.03 825.0
2454320.61082 18.154 0.038 4.72 681.0
2454326.53215 18.132 0.033 4.15 742.0
2454326.73640 18.187 0.046 5.82 732.0
2454327.61171 18.131 0.041 5.33 733.0
2454327.75013 18.140 0.056 6.82 1025.0
2454328.47687 18.096 0.042 4.47 1237.0
2454328.71651 18.165 0.044 5.11 955.0
2454329.54709 18.072 0.040 5.37 729.0
2454329.69509 18.032 0.040 5.48 780.0
2454330.47721 18.091 0.034 3.99 914.0
2454330.71449 18.119 0.036 4.51 776.0
2454331.51934 18.085 0.032 4.06 718.0
2454332.52935 18.138 0.031 3.90 770.0
2454333.55436 18.030 0.039 5.09 894.0
2454334.52709 18.134 0.042 4.88 1027.0
2454334.68279 18.056 0.078 6.41 2851.0
2454338.52382 18.044 0.047 4.79 1619.0
2454338.70237 18.092 0.048 5.02 1553.0
2454339.52062 18.027 0.035 3.86 1211.0
2454340.64080 18.127 0.035 3.62 1147.0
2454341.52489 18.082 0.043 5.12 1001.0
2454342.55693 18.114 0.037 4.31 858.0
2454343.54077 18.107 0.029 3.58 807.0
2454344.57032 18.153 0.040 4.52 846.0
2454345.53246 18.109 0.031 3.68 853.0
2454346.54206 18.088 0.040 5.27 857.0
2454347.55639 18.096 0.038 4.81 770.0
2454349.52210 18.062 0.034 4.50 725.0
2454350.57552 18.131 0.031 3.78 741.0
2454351.52727 18.131 0.033 4.07 748.0
2454352.58359 18.110 0.048 6.31 800.0
2454353.53755 18.083 0.033 3.97 911.0
2454354.56631 18.100 0.037 4.84 825.0
2454355.57413 18.082 0.036 4.72 886.0
2454356.53134 18.081 0.040 5.16 805.0
2454357.50274 18.083 0.045 6.25 818.0
2454358.54618 18.066 0.035 4.62 836.0
2454359.51510 18.148 0.044 5.47 857.0
2454361.52847 18.063 0.055 6.53 1034.0
2454365.58409 18.135 0.057 5.26 1742.0
2454367.53749 18.134 0.041 4.63 1141.0
2454368.51043 18.057 0.045 5.36 1056.0
2454369.58960 18.087 0.054 5.97 1329.0
2454370.51682 18.146 0.034 3.58 1068.0
2454371.48463 18.055 0.035 4.19 1009.0
2454372.54102 18.147 0.032 3.62 789.0
2454373.53208 18.106 0.044 5.38 923.0
2454377.50529 18.076 0.033 4.20 897.0
2454378.53966 18.077 0.037 4.72 788.0
2454379.55767 18.058 0.049 6.11 891.0
2454380.49712 18.123 0.036 4.28 900.0
2454381.54476 18.163 0.051 5.50 1114.0
2454382.53126 18.072 0.047 5.98 981.0
2454383.53550 18.154 0.045 5.16 1046.0
2454384.50989 18.196 0.053 6.27 846.0
2454388.57321 18.000 0.049 6.17 1084.0
2454393.55194 18.114 0.038 4.10 1182.0
2454394.52508 18.084 0.038 4.42 1127.0
2454395.50751 18.068 0.039 4.06 1133.0
2454395.56130 18.063 0.045 4.83 1247.0
2454396.53111 17.971 0.051 5.74 1469.0
2454397.55480 18.176 0.050 4.52 1446.0
2454398.56013 18.153 0.049 4.87 1489.0
2454399.51007 18.148 0.053 5.71 1252.0
2454400.55453 18.031 0.055 6.06 1722.0
2454403.50843 18.047 0.050 5.87 1118.0
2454409.52586 18.205 0.060 5.45 1397.0
