# OGLE-2016-BLG-1045 -- KMTA
# Generated by convert_data.py from n20160221.I.KMTA.OB161045.txt
# flux sign -1; divided by 10000; offset +13774.3 to ZERO BLENDING (approximate)
# Columns: HJD (full Julian Date), flux, flux error.
# 
# WARNING -- BLENDING IS IMPOSED, NOT FITTED.
# No DIA reference flux is available for this site, so this curve was offset
# so that its blend flux is zero at the published trajectory.  A fit to it
# will NOT reproduce Shin et al. 2018's theta_E or lens mass, because their
# theta_* comes from a CMD analysis that depends on the source flux.  The
# trajectory (t_0, u_0, t_E, rho) remains meaningful.
# SOLUTION: supply the native five-column KMT pySIS file (which carries the
# mag column, from which the reference flux follows exactly) and set
# REFERENCE_FLUX in convert_data.py.
2457440.255110 1.34450672 0.02450886
2457441.263470 1.40552817 0.02589447
2457442.237690 1.44221668 0.03095323
2457443.233800 1.34425600 0.02070462
2457444.197570 1.37868728 0.02358336
2457445.220270 1.31362944 0.03133016
2457446.197970 1.38084171 0.03094207
2457446.236490 1.30925113 0.02703622
2457447.195520 1.33915381 0.02964699
2457448.189320 1.37570039 0.03085812
2457449.187480 1.37615815 0.02677796
2457450.182440 1.28751803 0.10127624
2457450.218850 1.37233933 0.04063842
2457451.182790 1.32223385 0.02454497
2457452.178830 1.42604807 0.03027698
2457453.178970 1.38877591 0.02609311
2457457.248120 1.43620035 0.02199466
2457457.280060 1.29071515 0.02543052
2457458.160880 1.46416423 0.04568273
2457458.185680 1.37838018 0.02572993
2457459.158340 1.37744369 0.02150288
2457459.160100 1.34181466 0.01969107
2457460.162120 3.29549499 0.75120102
2457460.264570 1.38878489 0.02619213
2457461.218120 1.32851054 0.02026254
2457462.149070 1.46662210 0.02668946
2457462.150750 1.35780450 0.02480576
2457465.145850 1.31933756 0.20238089
2457465.245650 1.46112776 0.02220548
2457466.142960 1.43458589 0.03655425
2457467.138360 1.24507541 0.02895080
2457467.240150 1.32737649 0.01887981
2457469.134840 1.37924554 0.02979707
2457470.131390 1.49420587 0.02807107
2457470.253500 1.36157994 0.01792433
2457471.157750 1.35662909 0.02255958
2457472.122350 1.43373429 0.02734257
2457472.226780 1.35005954 0.01968620
2457473.120220 1.37371289 0.02572846
2457473.295080 1.38353157 0.01947451
2457474.121360 1.51026577 0.03021823
2457474.154950 1.44684871 0.02683451
2457475.118300 1.34348622 0.02275604
2457475.250210 1.39703707 0.01848048
2457476.115280 1.41327081 0.03656110
2457478.211270 1.32184161 0.03227104
2457479.104640 1.35877107 0.02025251
2457479.106350 1.36274248 0.02119703
2457479.281680 1.37980390 0.02815225
2457480.105750 1.18947907 0.40977410
2457481.101090 1.34088036 0.01824605
2457481.154090 1.42614578 0.02236130
2457482.174620 1.37373538 0.01990548
2457483.100660 1.43561403 0.02646981
2457483.290270 1.37596361 0.01928704
2457484.095080 1.35777171 0.02591639
2457485.089300 1.47724486 0.02340076
2457485.090770 1.51100690 0.02582307
2457485.113840 1.35826188 0.02075983
2457485.115950 1.35702232 0.01757336
2457485.117470 1.39437337 0.02181347
2457486.136110 1.24912069 0.10377712
2457487.086780 1.07978073 0.12881258
2457487.232290 1.30379662 0.03516952
2457488.083700 1.32640757 0.02153169
2457488.125510 1.24362196 0.07385942
2457489.126500 1.35680517 0.10486702
2457490.077960 1.99548604 0.04971395
2457490.208550 1.45737008 0.02097792
2457491.073430 1.30420646 0.03050164
2457492.142770 1.41523464 0.02525607
2457492.284790 1.43635855 0.02098242
2457493.067860 1.40876596 0.02612887
2457493.069400 1.55520146 0.02600010
2457493.091740 1.40240845 0.02503696
2457493.093630 1.78390487 0.02977927
2457493.095200 1.35380621 0.02619199
2457494.073750 1.47688322 0.03612467
2457494.296550 1.31546417 0.04623860
2457495.061940 1.42625458 0.07316245
2457495.063280 1.41141810 0.06214129
2457495.087070 1.80635234 0.14214947
2457495.089170 1.63072210 0.15657967
2457495.090670 1.29002906 0.08719652
2457497.062460 1.35742630 0.02802487
2457498.057000 1.40992879 0.02528982
2457498.175010 1.42053113 0.02121947
2457499.055020 1.41139402 0.02347626
2457499.150710 1.36871416 0.02035685
2457500.051700 1.40190182 0.02852109
2457500.126750 1.33344803 0.02279742
2457501.054520 1.32318942 0.03360834
2457501.090770 1.26086788 0.04393207
2457501.284060 1.36163576 0.05256616
2457503.134920 1.39734918 0.03209201
2457505.040730 1.42329238 0.05658776
2457505.154300 1.44245920 0.03540156
2457506.035840 1.40892963 0.02890291
2457506.167530 1.33305139 0.02554422
2457507.033560 1.41205629 0.03723124
2457507.218940 1.37287055 0.03036451
2457508.039840 1.35531993 0.08218455
2457512.016560 1.58391914 0.20834216
2457512.018100 1.54555483 0.14538581
2457512.280760 1.36770905 0.02064001
2457513.017070 1.33661537 0.02276504
2457513.267270 1.37455405 0.01911571
2457514.011820 1.40213079 0.02234483
2457514.013340 1.31401621 0.02282926
2457514.239260 1.34495632 0.02448097
2457515.013650 1.35841015 0.02362931
2457515.204990 1.38739500 0.01815235
2457516.112400 1.33875684 0.03437791
2457519.998450 2.40113071 0.14609102
2457520.160880 1.31092752 0.02692618
2457521.994430 1.41032621 0.02122169
2457522.129720 1.41355365 0.01684652
2457522.990310 1.35726518 0.01858279
2457523.080370 1.38991006 0.03329034
2457527.111310 1.42872967 0.02356296
2457527.983460 1.37498786 0.03554775
2457527.986300 1.53796218 0.03010369
2457528.041940 1.43535272 0.03670787
2457528.279680 1.33185470 0.02617780
2457528.971920 1.40242328 0.08530382
2457528.973300 1.49337021 0.11440298
2457530.968570 1.31672386 0.05008112
2457530.971540 1.42989908 0.04578178
2457530.993920 1.47012745 0.04044216
2457530.995390 1.48181691 0.03971283
2457531.234760 1.48065841 0.04008354
2457531.967270 2.15060267 0.10545403
2457532.143910 1.03789195 0.05127447
2457532.966110 1.59802903 0.05092638
2457533.050660 1.22609059 0.04342430
2457533.286830 1.44441016 0.02993340
2457537.948640 1.48009085 0.02841828
2457537.949980 1.44957773 0.02691185
2457538.201610 1.48832532 0.01854384
2457538.949340 1.50767037 0.02127436
2457539.101250 1.49969276 0.01780434
2457539.944530 1.54242235 0.02095899
2457540.031600 1.53263531 0.01660621
2457540.288010 1.57288409 0.01935227
2457541.942960 1.64913913 0.02757569
2457547.977480 1.86582122 0.02424423
2457550.972730 1.99380309 0.08824108
2457551.937200 2.59849638 0.01880426
2457552.127130 2.63107643 0.02082783
2457552.939860 2.89122455 0.02183142
2457553.060410 2.94080520 0.02031118
2457553.940960 3.22999577 0.03487514
2457554.014190 3.39228984 0.02461903
2457554.937130 4.04788734 0.02520560
2457554.958240 4.08555962 0.02441937
2457555.198770 4.31445623 0.03702315
2457564.945510 3.08803708 0.02992875
2457565.154520 3.02142882 0.02131731
2457568.868330 2.15825514 0.02718895
2457568.987130 2.10097932 0.01855922
2457569.161570 2.06040208 0.01792892
2457570.107890 1.88978031 0.04243576
2457573.064910 1.70089341 0.01752549
2457578.868950 1.55477088 0.03401114
2457578.914670 1.38828080 0.07961368
2457579.100860 1.53668192 0.01812923
2457579.869090 1.41022801 0.03032456
2457580.057090 1.53156214 0.01577177
2457582.873230 1.48534049 0.02890995
2457582.917310 1.31886894 0.07796080
2457583.869810 1.40173496 0.02471039
2457583.930730 1.40493235 0.02287500
2457584.866510 1.32931954 0.14777117
2457585.024140 1.34823914 0.11130847
2457585.864600 1.37938074 0.32682480
2457585.901970 1.13506515 0.06168086
2457586.864430 1.49093107 0.04045312
2457586.927390 1.50353300 0.03462557
2457587.104900 1.48763935 0.03604066
2457587.869390 1.41440620 0.03612128
2457594.884470 1.37932277 0.02647477
2457595.010060 1.39262448 0.01995858
2457596.956340 1.39667025 0.01818558
2457597.874530 1.46112014 0.02670998
2457598.084680 1.24587452 0.02189025
2457599.025390 1.43680516 0.05083597
2457600.055710 1.38854252 0.01715459
2457600.979270 1.40324471 0.01928694
2457602.019670 1.34419970 0.05834261
2457605.940390 1.32581965 0.01812440
2457608.042860 1.33260749 0.01868513
2457609.013780 1.39645458 0.01939354
2457612.930390 1.31679302 0.02680068
2457613.893310 1.53432975 0.03709061
2457614.879760 1.39421151 0.03234048
2457615.070090 1.36374284 0.02683891
2457616.060330 1.34490415 0.02147352
2457617.061800 1.40629372 0.02362543
2457618.077240 1.35838252 0.02679166
2457619.067650 1.37212410 0.02771999
2457621.925740 1.39952058 0.03291300
2457626.010340 1.40471199 0.02446713
2457627.003210 1.43285158 0.01955214
2457628.019880 1.36340021 0.01806608
2457629.031120 1.39550387 0.01751321
2457634.904890 1.44314329 0.02111148
2457635.920360 1.39747609 0.01980773
2457636.948560 1.36998578 0.01922750
2457637.968410 1.38540919 0.01786626
2457639.003340 1.35723399 0.02199900
2457639.021210 1.32386450 0.02128972
2457657.934820 1.35336335 0.02018254
2457659.966210 1.39980165 0.02267960
2457660.893340 1.27368936 0.02559285
2457665.943050 1.39119833 0.03198954
2457669.923390 1.34204536 0.02922509
2457675.907600 1.25256588 0.02537410
