# OGLE-2016-BLG-1045 -- KMTC
# Generated by convert_data.py from n20160221.I.KMTC.OB161045.txt
# flux sign -1; divided by 10000; offset +17745.1 to ZERO BLENDING (approximate)
# Columns: HJD (full Julian Date), flux, flux error.
# 
# WARNING -- BLENDING IS IMPOSED, NOT FITTED.
# No DIA reference flux is available for this site, so this curve was offset
# so that its blend flux is zero at the published trajectory.  A fit to it
# will NOT reproduce Shin et al. 2018's theta_E or lens mass, because their
# theta_* comes from a CMD analysis that depends on the source flux.  The
# trajectory (t_0, u_0, t_E, rho) remains meaningful.
# SOLUTION: supply the native five-column KMT pySIS file (which carries the
# mag column, from which the reference flux follows exactly) and set
# REFERENCE_FLUX in convert_data.py.
2457439.820840 1.75385932 0.02778612
2457440.826840 1.75457212 0.02656714
2457440.878510 1.81912384 0.03650269
2457441.817130 1.74597605 0.02439403
2457444.815410 1.75251148 0.02171430
2457445.815400 1.81444272 0.02515386
2457446.807850 1.81812396 0.01894591
2457446.863290 1.75840139 0.03216831
2457447.801880 1.78889500 0.02187907
2457448.795730 1.81187471 0.02278261
2457449.796700 1.75680917 0.02282618
2457449.890370 1.78856583 0.01882459
2457450.791000 1.79680504 0.02687654
2457451.787390 1.76248904 0.02141812
2457452.802870 1.81185940 0.01790902
2457453.788060 1.77652738 0.02279874
2457453.823440 1.77509623 0.01731144
2457454.787380 1.79287902 0.01780037
2457455.778200 1.78965810 0.01962398
2457455.879400 1.80115856 0.01824291
2457456.775360 1.80830853 0.01843664
2457457.769070 1.78206492 0.02077030
2457458.766280 1.75028846 0.01957287
2457458.800480 1.78829804 0.01836926
2457460.760960 1.79567226 0.01860699
2457460.766260 1.81157812 0.02010153
2457461.764400 1.75681171 0.02040406
2457461.787920 1.78276326 0.03259757
2457462.762630 1.81260194 0.02044349
2457465.748660 1.74013462 0.02669730
2457465.777000 1.77053926 0.02064411
2457465.780490 1.80804651 0.01885545
2457466.745350 1.76342388 0.02487390
2457469.756070 1.80967776 0.02417263
2457469.839770 1.77391724 0.02025146
2457470.742930 1.80687693 0.03402651
2457472.765680 1.78552512 0.02611213
2457472.895580 1.82781506 0.03632192
2457473.727360 1.77095578 0.02524645
2457474.724290 1.79840685 0.02542057
2457474.821010 1.80832491 0.01996169
2457475.726610 1.75333794 0.02423485
2457476.731710 1.82050379 0.02307815
2457476.769920 1.81652341 0.03012272
2457477.728330 1.76961245 0.02873598
2457477.852100 1.79771619 0.02203303
2457478.722120 1.74894250 0.02265906
2457479.722080 1.80948795 0.02109743
2457479.768850 1.76025373 0.02128120
2457480.708670 1.84975795 0.02149058
2457480.798350 1.79644929 0.01909252
2457481.706260 1.83257976 0.02112273
2457481.707780 1.75949496 0.01988278
2457481.829330 1.78294611 0.01662054
2457482.719050 1.77041718 0.03853207
2457484.698710 1.81247657 0.02378617
2457484.724790 1.73848743 0.02110372
2457485.702620 1.82460584 0.02082854
2457485.836210 1.76313544 0.01974531
2457486.698370 1.78401752 0.02164687
2457487.696580 1.78708718 0.02240945
2457487.698770 1.78048093 0.02199417
2457487.701700 1.81030175 0.02063713
2457487.749110 1.77627351 0.02105573
2457488.689510 1.75154859 0.01888009
2457488.753490 1.78137566 0.01956956
2457489.689880 2.47323285 0.59002980
2457489.876030 1.83693988 0.03268076
2457491.683580 1.78881194 0.01906024
2457491.727790 1.79379132 0.01758417
2457494.682200 1.80197816 0.02259781
2457494.727120 1.79967767 0.02386507
2457495.671370 1.85164040 0.02227903
2457495.730280 1.80570956 0.01851073
2457497.813240 1.75509814 0.02024569
2457497.852930 1.79178638 0.02082580
2457498.666640 1.85332089 0.02584876
2457498.822500 1.77873948 0.02025673
2457498.826170 1.76144661 0.01985774
2457499.662100 1.79550862 0.02118530
2457499.824470 1.69465621 0.10398548
2457500.660050 1.79548992 0.02519898
2457500.832860 1.87940010 0.05851019
2457504.653780 1.63144291 0.07756355
2457504.656500 2.97974648 0.07734727
2457504.831080 1.73138906 0.02421361
2457505.651560 1.87123578 0.02404111
2457505.655920 1.76208477 0.02779164
2457505.776370 1.82432015 0.02960553
2457508.634150 1.77468105 0.01884640
2457508.758200 1.81000793 0.02264177
2457509.635580 1.77269187 0.01916891
2457509.689480 1.77475035 0.01759128
2457509.693950 1.77060033 0.01796377
2457509.695800 1.79292355 0.01663424
2457511.631650 1.81844396 0.02090079
2457511.741860 1.91878536 0.07977222
2457512.636060 1.85091873 0.06991451
2457512.670680 1.76874756 0.03625958
2457512.892510 1.70902033 0.04506919
2457513.725330 1.80323564 0.59729804
2457514.627420 1.93008059 0.08255416
2457515.812030 1.85085751 0.03577086
2457516.654620 1.77111999 0.01837988
2457517.622420 1.72770961 0.03177859
2457517.758200 1.69779741 0.04349465
2457520.656720 1.79857510 0.03601803
2457520.828230 1.82811973 0.04550329
2457520.842570 1.77716922 0.02121361
2457522.605470 1.76368873 0.07995953
2457522.738020 1.82444453 0.01938357
2457522.740960 1.81621261 0.01752237
2457522.743890 1.80784027 0.01839169
2457523.598430 1.80569925 0.02352599
2457523.716670 1.77930258 0.02274576
2457523.924970 1.81884006 0.01956746
2457524.858890 1.81879746 0.02245329
2457526.589510 1.75719524 0.02967213
2457526.830390 1.83087216 0.02042832
2457528.707650 1.80148572 0.02038684
2457529.586200 1.84992343 0.03644251
2457529.617750 1.90504752 0.03382645
2457530.582160 1.77356555 0.04346073
2457530.662860 1.84052920 0.02319434
2457530.875490 1.91281366 0.02825802
2457533.579390 1.87243540 0.11904076
2457534.570410 1.97979435 0.21561134
2457534.691080 1.86840900 0.05005946
2457534.906450 1.88948086 0.02055816
2457536.564950 1.91953627 0.01902341
2457536.786050 1.86818250 0.09836440
2457545.660130 2.73491374 0.12320557
2457546.743290 2.48782275 0.07462251
2457546.789240 2.45487435 0.06027863
2457547.546510 2.47114312 0.02123399
2457547.653280 2.45139386 0.01716916
2457547.852820 2.47008743 0.01800802
2457548.604160 2.62183695 0.01802785
2457548.774070 2.58333742 0.01749155
2457549.630990 2.75523560 0.12325980
2457549.747720 2.77729300 0.02586734
2457550.549430 2.96250039 0.02153610
2457550.598930 2.94770884 0.02160452
2457550.870940 2.99747540 0.02546491
2457551.646240 3.31594099 0.04399347
2457554.539370 4.84903641 0.07746107
2457554.584730 4.86881121 0.02574005
2457555.526220 6.07562467 0.03014052
2457555.552790 6.12429117 0.03122598
2457555.777500 6.48772007 0.04336296
2457556.669180 8.85907964 0.14364323
2457557.511230 12.75375838 0.05681564
2457557.590090 13.41373926 0.13251037
2457557.789940 15.70747328 0.24729446
2457558.507770 31.22815834 0.20355538
2457558.636780 38.93903331 0.25040622
2457558.850600 66.84244665 0.38224741
2457559.532770 125.71101294 6.51454430
2457559.766040 38.56276023 0.12167741
2457560.511190 16.41333854 0.05597141
2457560.629540 15.17792265 0.12981457
2457560.836340 13.29315127 0.08470110
2457561.509430 9.34093719 0.03620261
2457561.713660 8.70062062 0.19715996
2457561.731870 8.65200150 0.05905488
2457562.501350 6.59253902 0.02669726
2457562.587790 6.44617937 0.03282425
2457564.502470 4.21848249 0.05741971
2457566.518000 3.79490009 0.21962093
2457566.568100 3.31615795 0.02262491
2457566.807660 3.22444194 0.02713586
2457567.500720 2.99359888 0.02654138
2457567.694060 3.03749058 0.02140571
2457568.494840 2.78023599 0.02333853
2457568.559690 2.76525048 0.02063133
2457569.489710 2.60077729 0.02738895
2457569.659690 2.58590070 0.04976079
2457570.520440 2.99363748 0.79377437
2457570.563120 3.39276724 0.38037933
2457570.566170 4.06764980 0.48524241
2457570.790840 2.55207477 0.12336762
2457575.469600 2.05888067 0.02571932
2457575.715120 2.08099610 0.02296842
2457576.461890 2.02981145 0.06528850
2457576.565120 2.06161732 0.01695449
2457584.467260 1.85362997 0.03023809
2457584.515890 1.90269350 0.02507131
2457584.729070 1.87705639 0.02281688
2457585.459240 1.88193012 0.04113347
2457585.601240 1.83983021 0.02045994
2457585.808900 1.83343277 0.02830967
2457586.711060 1.81430072 0.03342393
2457586.729180 1.88535721 0.03055077
2457587.536490 1.73877841 0.03100121
2457587.748300 1.77256637 0.32113623
2457589.641940 1.77112742 0.02666559
2457590.469110 1.81050680 0.02504512
2457590.609100 1.87942361 0.03429019
2457591.466980 1.81150909 0.02700717
2457591.476280 1.84275495 0.01847482
2457591.540440 1.86048678 0.02717933
2457591.751320 1.86468647 0.03061166
2457593.479350 1.86701675 0.02580994
2457593.673240 1.76635036 0.02012568
2457595.490720 1.84478848 0.02732455
2457595.693780 1.75752594 0.01881251
2457596.486980 1.77772589 0.02475075
2457597.464900 1.89407871 0.05903929
2457597.519920 1.79785358 0.02306078
2457597.724670 1.73788710 0.04257557
2457598.474650 1.80666592 0.04083564
2457598.662800 1.86745173 0.02426186
2457599.466180 1.86638712 0.03112414
2457599.586190 1.99509035 0.08572410
2457600.473280 1.81419609 0.02953618
2457600.536980 1.90286814 0.05758613
2457601.485060 1.76880759 0.02180819
2457601.520780 1.80212656 0.03904575
2457601.730370 1.76647826 0.05212301
2457602.473470 1.76549475 0.02117890
2457602.687060 1.75799367 0.01602195
2457603.629340 1.86573223 0.03467008
2457605.501830 1.84442528 0.03651650
2457605.704920 1.78310804 0.01956217
2457606.651090 1.80939391 0.01771475
2457607.586000 1.79356023 0.06383865
2457608.530140 1.77855176 0.01549121
2457609.494400 1.82033037 0.03113033
2457609.721720 1.77180088 0.01876216
2457610.682860 1.79838560 0.01830983
2457611.715460 1.91014278 0.02464330
2457612.666290 1.79333548 0.01913225
2457613.626950 1.80432335 0.02132458
2457614.581680 1.79962983 0.02344694
2457615.556840 1.84709496 0.05004378
2457616.530100 1.79399218 0.04581026
2457617.519330 1.79069952 0.08142310
2457618.515190 1.75468323 0.03848691
2457619.489860 1.79278059 0.02026153
2457620.471440 1.78509162 0.03342091
2457620.680230 1.92567532 0.02616139
2457621.660850 1.81738045 0.01888677
2457622.658350 1.77035236 0.01975651
2457623.651570 1.80781328 0.02032600
2457624.652280 1.81059196 0.01672974
2457625.644350 1.72177891 0.01688745
2457626.647270 1.77492967 0.01729285
2457629.671330 1.74777370 0.01806241
2457630.476370 1.83945616 0.05154007
2457631.502540 1.72852059 0.03079495
2457632.604150 1.79729498 0.01837391
2457633.614400 1.80618216 0.02069228
2457635.636990 1.80109767 0.01911601
2457637.491560 1.81407477 0.02406627
2457638.545130 1.85568651 0.04733552
2457639.573760 1.75316954 0.01857815
2457642.504080 1.77916643 0.03856075
2457643.572930 1.79073750 0.02090636
2457645.475040 1.50296806 0.12629776
2457647.531080 1.76245630 0.02392704
2457648.608840 1.73802579 0.02338968
2457649.488280 1.80028061 0.03185633
2457650.582810 1.78283510 0.02328828
2457652.551880 1.73434462 0.02413966
2457654.557290 1.79585473 0.02196355
2457656.554750 1.74331264 0.01806331
2457658.572170 1.76928453 0.03448177
2457661.517340 1.76015450 0.01726320
2457664.494320 1.80378126 0.02134673
2457668.498870 1.75119862 0.02023986
2457672.508510 1.80178619 0.05044066
2457680.519630 1.64941362 0.03220168
