# OGLE-2016-BLG-1045 -- KMTS
# Generated by convert_data.py from n20160222.I.KMTS.OB161045.txt
# flux sign -1; divided by 10000; offset +15678.6 to ZERO BLENDING (approximate)
# Columns: HJD (full Julian Date), flux, flux error.
# 
# WARNING -- BLENDING IS IMPOSED, NOT FITTED.
# No DIA reference flux is available for this site, so this curve was offset
# so that its blend flux is zero at the published trajectory.  A fit to it
# will NOT reproduce Shin et al. 2018's theta_E or lens mass, because their
# theta_* comes from a CMD analysis that depends on the source flux.  The
# trajectory (t_0, u_0, t_E, rho) remains meaningful.
# SOLUTION: supply the native five-column KMT pySIS file (which carries the
# mag column, from which the reference flux follows exactly) and set
# REFERENCE_FLUX in convert_data.py.
2457440.637840 1.68009556 0.02456624
2457441.569220 1.67589306 0.03358275
2457442.564470 1.58789268 0.04424346
2457443.559400 1.59400908 0.02149690
2457443.596790 1.63993891 0.01962862
2457444.557220 1.62833659 0.02582357
2457446.548390 1.56384248 0.02496870
2457447.549330 1.59155809 0.02460541
2457448.548360 1.55647760 0.02506855
2457448.581590 1.61287143 0.02210030
2457449.553770 1.64605343 0.02374965
2457450.536460 1.57004389 0.02447533
2457451.534810 1.61652553 0.02560563
2457451.592420 1.61790683 0.02611948
2457452.543900 1.62849611 0.01774912
2457454.576550 1.66598545 0.02094977
2457457.524430 1.62926887 0.01780240
2457457.641810 1.59370811 0.01472676
2457459.557710 1.61585293 0.02134467
2457460.519060 1.63351037 0.02242494
2457462.515710 1.66247383 0.01827878
2457462.582530 1.58958875 0.01696925
2457464.508810 1.59807017 0.02217889
2457465.507200 1.63496692 0.01985542
2457465.562520 1.59014980 0.01727775
2457466.499700 1.57132899 0.02294951
2457467.498330 1.71300935 0.02196801
2457467.627310 1.63201066 0.01595686
2457470.491000 4.45780956 0.26432770
2457473.486100 1.54448211 0.02897917
2457473.488290 1.65072323 0.03121531
2457473.490200 1.64535236 0.03065552
2457473.512560 1.36289617 0.03124464
2457473.514610 1.72791216 0.03078141
2457473.521230 1.52320435 0.02893785
2457473.536440 1.60774352 0.02937167
2457476.472970 1.66196515 0.03363713
2457476.577330 1.62341324 0.02047640
2457479.461130 1.47272685 0.02137975
2457480.572360 1.66330873 0.03220304
2457480.640770 1.58613039 0.01939734
2457481.458140 1.44371652 0.02276557
2457481.477990 1.53101359 0.01865812
2457482.455310 1.65998689 0.01859622
2457482.482820 1.61859457 0.01619325
2457483.507770 1.61562442 0.01942716
2457486.441380 1.54259883 0.01760822
2457488.436350 1.56966556 0.01795910
2457488.487370 1.52063750 0.01761620
2457489.439070 1.62095203 0.01667302
2457489.507630 1.61279534 0.01538361
2457490.431150 1.50259613 0.03095766
2457490.506190 1.66569033 0.01846118
2457491.442630 1.68742332 0.02823165
2457491.509560 1.58762335 0.01561372
2457492.437690 1.60593912 0.01763582
2457492.502530 1.57615348 0.01689341
2457493.437960 1.61212595 0.02043705
2457493.504840 1.61437606 0.01511577
2457494.428360 1.64931367 0.01915427
2457494.475440 1.63430667 0.01545002
2457496.449210 1.65256834 0.02114799
2457496.477130 1.65166194 0.01714116
2457497.421530 1.64371317 0.04215187
2457497.486360 1.61000832 0.01747491
2457498.417950 1.67612280 0.02488381
2457498.469330 1.64345429 0.01842418
2457502.415060 1.47241689 0.02790183
2457502.535870 1.59447429 0.02013855
2457503.401900 1.69288744 0.03209299
2457503.640080 1.61172836 0.02394920
2457504.398990 1.70532655 0.04466299
2457505.397110 1.53899727 0.02980237
2457505.417400 1.58250895 0.02486713
2457506.389610 1.54583041 0.02269770
2457506.434450 1.65160040 0.02321612
2457507.388960 1.60011014 0.01898897
2457509.380850 1.61103557 0.01850286
2457509.431560 1.58334393 0.01755028
2457510.377670 1.62396825 0.01614793
2457510.461670 1.56967789 0.01471717
2457511.374960 1.59905020 0.01598628
2457511.474150 1.61009770 0.01673742
2457512.376330 1.57848702 0.01822897
2457512.494620 1.60407799 0.01807625
2457513.374630 1.54586350 0.01966385
2457513.541840 1.58662094 0.01815789
2457514.372660 1.60995775 0.02138604
2457514.572500 1.59137122 0.01507098
2457518.368540 1.64587849 0.02200369
2457519.357690 1.59680515 0.01593679
2457519.494290 1.65968667 0.04110663
2457520.351480 1.62481890 0.01859955
2457520.511550 1.56485747 0.03445040
2457523.474320 1.63582271 0.01836180
2457524.340210 1.67425931 0.02647104
2457524.344360 1.59984837 0.01697021
2457524.434420 1.59931438 0.01505178
2457525.337840 1.60879375 0.01954994
2457525.394340 1.60871406 0.01754972
2457526.400950 1.66427261 0.01901041
2457528.334070 1.61845381 0.05635794
2457529.334640 1.59697224 0.03034530
2457529.356240 1.71047251 0.03146272
2457529.627220 1.62194902 0.03897712
2457530.328390 1.48068014 0.14684321
2457531.326300 1.51454262 0.05127967
2457531.552910 1.63834728 0.03994884
2457534.452300 1.69682149 0.01944568
2457534.615110 1.65213880 0.02138018
2457535.314350 1.71186137 0.02324227
2457535.648770 1.72255004 0.02557543
2457536.312150 1.71108363 0.02287811
2457536.567920 1.67731294 0.01669519
2457537.307710 1.69166431 0.02765910
2457537.498300 1.75684548 0.01854132
2457538.307680 1.71620832 0.02142218
2457538.408570 1.69534111 0.01586424
2457539.303560 1.74674290 0.01947810
2457539.326820 1.75811699 0.01791327
2457539.606450 1.98661509 0.10756880
2457540.312830 1.74953221 0.05154660
2457540.524310 1.79118739 0.01578237
2457541.304590 1.81400969 0.01951779
2457541.449210 1.76563969 0.01969037
2457542.308830 1.78455797 0.02458616
2457542.397910 1.83804234 0.01654310
2457544.304790 1.84786418 0.02674767
2457544.328310 1.94723404 0.02840188
2457545.297470 1.96643142 0.01843770
2457545.580130 2.05592493 0.02083293
2457546.293400 2.02761770 0.02360409
2457546.501340 2.01053377 0.01982715
2457547.293260 2.12090358 0.02184634
2457547.419750 2.13468201 0.02003265
2457548.293530 2.10334320 0.02735077
2457548.344640 2.19225715 0.02129416
2457548.605500 2.28082214 0.02318106
2457549.553570 2.08070007 0.31959954
2457551.354130 2.63615136 0.02951567
2457552.288780 3.06735651 0.02148711
2457552.385660 3.06238289 0.01912713
2457556.301670 6.69868412 0.03284115
2457556.339050 6.65543832 0.03185484
2457557.256190 9.80506382 0.04043268
2457557.351200 10.31903875 0.03595743
2457557.557320 11.81335710 0.03905488
2457558.255800 19.98125315 0.16189665
2457558.412120 24.09714829 0.05326606
2457558.620270 34.11978244 0.06239673
2457561.251280 9.27896218 0.04216406
2457561.447650 8.43488623 0.03099395
2457562.243680 6.32509736 0.03074504
2457562.287850 6.25796876 0.02648241
2457562.480770 6.13447422 0.02817392
2457563.243730 4.81294511 0.31268132
2457563.453250 4.71992502 0.04142206
2457564.237600 4.22088775 0.53474044
2457564.346080 3.78914626 0.03853524
2457564.544930 3.75125141 0.02238169
2457565.236730 3.47261078 0.05115762
2457565.387430 3.34930467 0.01993540
2457568.236430 2.51247175 0.02347171
2457568.375400 2.51913051 0.01760872
2457568.581890 2.56295341 0.01948466
2457569.240660 2.32854735 0.01992864
2457569.467840 2.22463852 0.01822971
2457572.227350 2.02935303 0.02093519
2457572.345160 2.01857240 0.01698727
2457572.550570 2.06894281 0.01775773
2457573.217880 2.02119482 0.02414479
2457573.407840 1.96656669 0.01556927
2457574.212940 1.95286559 0.02115097
2457574.276980 1.95390432 0.01841310
2457574.491640 1.85473848 0.01755421
2457576.210750 1.77985528 0.02845860
2457576.389260 1.82420663 0.01898115
2457577.208230 1.78555226 0.02555652
2457577.319530 1.81203928 0.01592617
2457577.522850 1.68405397 0.01721119
2457578.201220 1.81271027 0.04161735
2457578.373390 1.75266554 0.02316446
2457579.200820 1.68724245 0.04192351
2457579.237950 1.75478456 0.01753744
2457579.438810 1.73245313 0.02047636
2457580.199450 1.62030374 0.04115337
2457580.312050 1.72814239 0.01755160
2457580.511020 1.68827822 0.01668303
2457581.204840 1.56178192 0.10330612
2457581.373740 1.62663140 0.04861688
2457582.207160 1.68802074 0.02208141
2457582.233510 1.72711316 0.02281555
2457582.431640 1.69281957 0.01767792
2457583.208820 1.68024451 0.02589949
2457583.323390 1.58820499 0.02707109
2457583.538140 1.58627970 0.02173818
2457584.204280 1.62634102 0.03140369
2457584.222780 1.68242667 0.02448051
2457584.422950 1.64242599 0.01992199
2457586.205110 1.74016290 0.05252289
2457586.306520 1.67224228 0.05729479
2457587.203900 1.60565184 0.04136609
2457587.274930 1.54249863 0.08422934
2457588.205510 1.71193973 0.04233115
2457589.205860 1.63549228 0.08093264
2457589.393520 1.78701303 0.07703979
2457592.218130 1.70599161 0.02109981
2457593.207250 1.59651618 0.03235005
2457594.208490 1.71297613 0.03519612
2457594.245310 1.58662279 0.01829551
2457594.436580 1.56759930 0.02060046
2457605.271250 1.56647086 0.01464670
2457605.480420 1.67557027 0.01766311
2457606.405770 1.60623963 0.01688919
2457607.346760 1.60150970 0.02983752
2457608.317370 1.69344965 0.03643907
2457609.377380 1.57531335 0.01588359
2457610.373980 1.60553374 0.02546308
2457611.324150 1.62212193 0.01730440
2457612.270900 1.54322902 0.01941614
2457612.460280 1.58904518 0.02267526
2457616.416720 1.67082253 0.03069773
2457617.387910 1.59444093 0.04562021
2457621.309460 1.59005773 0.01830037
2457624.327110 1.61357955 0.01876161
2457625.315310 1.57203222 0.02198671
2457626.315820 1.59794838 0.02225119
2457627.299010 1.58980302 0.01675625
2457628.299450 1.56065491 0.01598167
2457629.306170 1.56437104 0.02492665
2457630.322320 303.99900409 55.07883056
2457631.388010 1.54852621 0.01813072
2457635.242610 1.57230294 0.02599348
2457636.330530 1.68251622 0.05439642
2457638.372510 1.99131466 0.07989463
2457641.246270 1.63575213 0.02467192
2457642.301780 1.54745633 0.02502273
2457643.374800 1.68700063 0.03191087
2457643.380280 1.59683149 0.02445688
2457644.232610 1.53126255 0.02103527
2457645.299390 1.55422542 0.03030401
2457646.354710 1.60218180 0.02669133
2457650.232300 1.61708880 0.02137410
2457651.309590 1.55133475 0.01617322
2457653.284930 1.54968060 0.01517943
2457655.254610 1.57163858 0.01672871
2457661.245410 1.31960208 0.07520432
2457663.280830 1.49757348 0.01985385
2457665.309660 1.53855291 0.01828369
2457669.295010 1.34168131 0.04794508
2457675.276390 1.61487189 0.02547541
