2457444.65279800 1.00257000 0.00068000 -0.26761547 -0.61257750 -0.23103982 -7.18936520
2457444.65422100 1.00099700 0.00068400 -0.27230647 0.22590450 -1.58068382 -8.18358820
2457444.65503100 1.00016800 0.00068400 -0.27492247 0.27026950 -0.59514682 -6.15438420
2457444.65656200 1.00209300 0.00068500 -0.27977447 -0.19596250 -1.29653682 -8.33705720
2457444.65809600 1.00059600 0.00068400 -0.28449747 0.22313150 0.70868018 -4.28839020
2457444.66100200 1.00037400 0.00068200 -0.29310447 -0.15509650 -0.05150382 -9.67931420
2457444.66265800 1.00152500 0.00068800 -0.29780047 0.18345150 1.46805918 -11.68650520
2457444.66444900 1.00160600 0.00068200 -0.30272147 0.01693350 0.84445318 -7.50152920
2457444.66598000 1.00093000 0.00068200 -0.30679447 -0.16529050 0.42347418 -6.16897120
2457444.66751400 1.00337700 0.00068400 -0.31075747 0.36459750 1.28404018 -9.10473120
2457444.66904800 1.00090800 0.00068200 -0.31460747 -0.49582450 -1.52278282 -10.80972220
2457444.67058600 1.00104800 0.00068200 -0.31834547 0.05669150 -1.43119282 -8.46255820
2457444.67211800 1.00202200 0.00068200 -0.32196147 -0.46071350 -0.43008482 -8.36028220
2457444.67364800 1.00133900 0.00068100 -0.32545547 -0.63716650 -1.02844682 -8.81117120
2457444.67518400 1.00164700 0.00068200 -0.32885547 -0.10075950 0.51384818 -4.61451120
2457444.67684400 1.00059300 0.00068100 -0.33241047 -0.68374550 -1.18488482 -10.01719920
2457444.67837600 1.00062100 0.00068100 -0.33557847 -1.46562950 0.95198218 -12.35996420
2457444.67991000 1.00150900 0.00068300 -0.33864547 -0.17282750 -0.22282982 -12.95897520
2457444.68144400 1.00124800 0.00068300 -0.34160847 -0.71871750 -0.27494182 -10.16840220
2457444.68297600 1.00331700 0.00068600 -0.34446147 -0.00375250 -0.30259182 -3.27249820
2457444.68450800 1.00039200 0.00068600 -0.34721447 0.43639050 -0.58439282 -5.20534020
2457444.68604000 0.99975000 0.00068500 -0.34986747 0.45177550 -0.98569582 -4.13752220
2457444.68757500 1.00186500 0.00068800 -0.35242147 0.50210850 0.60599518 -4.43350420
2457444.68910700 0.99985000 0.00068800 -0.35487747 0.33081450 -1.00267382 -0.53982120
2457444.69064300 1.00285200 0.00069100 -0.35723647 1.02941850 0.74547118 -7.68023020
2457444.69217700 1.00275900 0.00069100 -0.35950047 0.38365250 -0.16847082 -7.73358820
2457444.69370800 0.99963800 0.00068900 -0.36166347 -0.20670750 -1.72180382 -8.65746520
2457444.69536700 1.00047200 0.00069100 -0.36389847 0.27426150 1.26383318 -9.05446920
2457444.69690100 1.00166400 0.00069200 -0.36587347 -0.11340550 -1.24206382 -0.89309820
2457444.69843200 1.00035000 0.00069100 -0.36774547 0.19579550 -2.33888282 -9.09275720
2457444.69996300 1.00144600 0.00069200 -0.36952447 -0.64836150 -0.70575282 -10.59520820
2457444.70149500 1.00141500 0.00069400 -0.37121647 0.38800450 -0.47401182 -6.68484620
2457444.70302700 1.00146800 0.00069400 -0.37281547 -0.00973050 -0.93860982 -5.82412220
2457444.70455800 1.00154900 0.00069400 -0.37432447 0.07253450 -0.43669082 -7.13736220
2457444.70609400 0.99936600 0.00069300 -0.37574847 0.13436650 -1.57796282 -6.24364120
2457444.70787700 1.00120600 0.00069400 -0.37728747 -0.26567850 -0.36478582 -8.08691720
2457444.70940900 1.00133100 0.00069500 -0.37851947 0.95013850 -1.02166882 0.23933180
2457444.71094400 1.00210700 0.00069600 -0.37966147 0.30320150 -1.15949482 -4.56275020
2457444.71260200 1.00009300 0.00069500 -0.38079647 0.27619550 -0.20946482 -6.18505320
2457444.71413800 0.99986000 0.00069500 -0.38175847 -0.29154450 -0.42421282 -2.55190620
2457444.71579500 1.00067000 0.00069600 -0.38269747 0.12772750 -1.62634082 0.18491780
2457444.71732600 1.00224600 0.00069700 -0.38347347 0.58794350 -1.04208982 -1.63259320
2457444.71885800 1.00004400 0.00069500 -0.38416547 -0.20723250 -0.38277782 -4.86335120
2457444.72051500 1.00037100 0.00069600 -0.38481747 -0.05320650 -0.72642182 -6.15942720
2457444.72205000 1.00051100 0.00069600 -0.38533447 -0.04580450 -0.64287082 -6.32724220
2457444.72358300 1.00104700 0.00069600 -0.38576147 -0.14057950 -1.73374282 -6.98649920
2457444.72511600 1.00241700 0.00069700 -0.38610747 0.62115450 -0.61764082 -2.96641820
2457444.72667600 1.00066800 0.00069600 -0.38636647 0.16262250 0.52807218 -6.02923620
2457444.72819600 1.00059400 0.00069600 -0.38654547 0.46517050 -2.99048682 -1.98966220
2457444.72994600 1.00112000 0.00069600 -0.38663247 0.17163750 0.05817918 -6.34305320
2457444.73148200 1.00076600 0.00069700 -0.38662847 0.11676050 -1.78107782 -1.23512920
2457444.73304600 0.99716400 0.00069200 -0.38652947 -0.01466950 -0.99322282 -1.43862820
2457444.73456900 1.00185000 0.00069600 -0.38634847 -0.31979750 0.39089618 -3.23874020
2457444.73610300 1.00081900 0.00069900 -0.38608547 0.60391950 -1.29460182 -4.15774220
2457444.73764000 0.99942400 0.00069600 -0.38573847 -0.73398250 -0.60171582 2.96344180
2457444.73917400 1.00009500 0.00069700 -0.38530047 0.02601550 -1.88142482 -1.23738320
2457444.74093000 0.99996100 0.00069600 -0.38469647 -0.39868350 -2.33460382 -4.39142220
2457444.74258700 1.00143200 0.00069900 -0.38402247 0.12197850 -0.43196082 -2.02597520
2457444.74412100 0.99957300 0.00069700 -0.38331247 0.31933150 -1.59371582 -2.44308720
2457444.74568400 0.99890600 0.00069800 -0.38250047 0.15303050 -1.35317482 1.68287580
2457444.74732400 1.00082500 0.00069900 -0.38154747 0.27692450 -0.61726082 0.71962180
2457444.74897100 1.00116400 0.00069900 -0.38048747 0.27764250 -0.85001582 -6.20320320
2457444.75049500 0.99978700 0.00069800 -0.37942547 -0.03830350 -1.10760982 -3.66930420
2457444.75224100 0.99888400 0.00069600 -0.37809447 -0.25169250 -3.11896682 -2.74993220
2457444.75380900 0.99897900 0.00069600 -0.37681247 -0.10916650 -1.63749682 2.17594080
2457444.75533400 1.00303700 0.00069900 -0.37546147 0.17367150 -1.04923082 -5.55072920
2457444.75698400 0.99938200 0.00069900 -0.37391347 0.32919150 -2.25695382 0.24098480
2457444.75862200 1.00212600 0.00069900 -0.37226947 0.12623050 -1.15282882 -1.76496220
2457444.76014400 1.00150200 0.00069900 -0.37064647 0.04233150 -1.18021682 -1.44005020
2457444.76179200 0.99910400 0.00070000 -0.36879247 0.23402550 -0.38935882 2.22662680
2457444.76343700 1.00087000 0.00069800 -0.36682747 0.04234450 -1.37134182 -5.77654020
2457444.76508000 0.99753500 0.00069800 -0.36477047 0.40457150 -1.52621782 2.67886280
2457444.76672700 0.99969300 0.00069900 -0.36259147 -0.19881250 -0.74414682 -2.17000220
2457444.76847900 0.99790400 0.00069900 -0.36015447 0.12952450 -1.81328682 -5.47414820
2457444.77014400 0.99692800 0.00069900 -0.35773547 -0.09284050 -2.58142882 -3.85722920
2457444.77178500 0.99643800 0.00069900 -0.35523047 -0.37074850 -2.56097782 -2.18063620
2457444.77343200 0.99461200 0.00069900 -0.35260547 0.84893550 -1.05161682 3.91315080
2457444.77507700 0.99554200 0.00070000 -0.34987147 0.48226450 -1.31185982 2.66362880
2457444.77672400 0.99288800 0.00069800 -0.34701747 0.78954450 -2.98949282 1.49854680
2457444.77837300 0.99220900 0.00069800 -0.34403847 -0.02642950 -0.10828882 1.79500980
2457444.78001700 0.99008400 0.00069800 -0.34095047 0.02093750 -1.82208082 -0.42768920
2457444.78166300 0.99199700 0.00070000 -0.33774247 0.24849350 -0.38717282 0.80498880
2457444.78330800 0.99225000 0.00069900 -0.33442347 0.09976250 0.80978918 7.19327380
2457444.78494500 0.99040200 0.00069900 -0.33098447 0.25866150 -1.45343982 5.25912680
2457444.78668800 0.99244800 0.00070000 -0.32719247 -0.00438150 -0.09855982 1.97477480
2457444.78825000 0.99130400 0.00070200 -0.32367447 -0.06685850 -0.26778682 1.89626980
2457444.78988400 0.99103800 0.00070100 -0.31986547 0.32732950 -0.69481882 0.88014280
2457444.79153200 0.99069700 0.00070100 -0.31590347 0.52562950 0.66731318 4.92258580
2457444.79318000 0.99164500 0.00070200 -0.31180047 -0.18195250 -0.15079382 -3.31102920
2457444.79482800 0.99050000 0.00070200 -0.30756747 0.35332450 -1.27651482 -0.02412120
2457444.79647100 0.99107200 0.00070200 -0.30321647 -0.26269650 -0.56003082 0.19574880
2457444.79810900 0.99030500 0.00070300 -0.29872747 -0.13475950 -1.49456082 -4.57378520
2457444.79975900 0.99103500 0.00070300 -0.29407747 0.01000950 1.34197318 1.34184980
2457444.80150400 0.98844300 0.00070200 -0.28899747 -0.57145450 -0.94719282 1.50705680
2457444.80324200 0.99012300 0.00070300 -0.28377947 -0.68282850 -0.21483582 3.45832680
2457444.80490200 0.99046700 0.00070400 -0.27863547 -0.82458350 -0.66974782 1.53819980
2457444.80646500 0.98730500 0.00070300 -0.27366047 -0.91683550 -1.30875382 4.71189180
2457444.80810600 0.98912000 0.00070400 -0.26827047 -0.94907050 -0.19701882 0.24206180
2457444.80974200 0.98588000 0.00070300 -0.26274047 -0.75720450 0.32329318 0.35342980
2457444.81137900 0.98905900 0.00070500 -0.25705947 -0.57865450 0.24668218 2.29935980
2457444.81301500 0.98929000 0.00070800 -0.25122047 -0.29626650 -2.20913382 3.69811880
2457444.81465200 0.99314400 0.00071000 -0.24518647 -0.18186250 1.01649718 -0.37788020
2457444.81639400 0.99074500 0.00070800 -0.23861647 -0.87243350 1.15834718 5.79175180
2457444.81795700 0.98992300 0.00071000 -0.23253247 -0.27599250 -0.43419982 3.32711180
2457444.81959500 0.98752200 0.00071100 -0.22599847 0.04525850 -0.20108582 5.41119780
2457444.82124300 0.98881700 0.00071100 -0.21922047 -0.01147550 1.24268718 1.87206180
2457444.82288100 0.98935800 0.00071200 -0.21231547 0.07285650 -0.23306082 1.39243080
2457444.82462500 0.99028400 0.00071300 -0.20475147 -0.06362050 1.06317018 2.19437280
2457444.82628600 0.98829200 0.00071300 -0.19734847 -0.02693450 0.68687218 4.54813980
2457444.82784700 0.98905400 0.00071600 -0.19020247 0.61837950 0.20909518 5.15640680
2457444.82949300 0.98956000 0.00071700 -0.18243447 0.04321850 0.25277318 -3.43307820
2457444.83113100 0.98669600 0.00071600 -0.17453247 0.07242150 -1.81837482 -0.39139420
2457444.83277700 0.98922800 0.00071900 -0.16636547 0.25320550 0.61791318 -0.85775220
2457444.83451600 0.99019500 0.00072000 -0.15750247 0.69765350 0.34282618 1.38236480
2457444.83607900 0.98839800 0.00071900 -0.14931247 0.59488650 1.17267218 0.41376780
2457444.83771500 0.98873700 0.00072100 -0.14050747 0.14831550 0.06288818 -4.41453520
2457444.83935700 0.98721100 0.00072100 -0.13144547 0.14322150 -0.44857782 -1.28968720
2457444.84110100 0.99183200 0.00072600 -0.12154747 0.29877950 0.16202318 -3.13187220
2457444.84266300 0.98820900 0.00072500 -0.11245347 0.38735050 -0.71279782 -0.82307620
2457444.84430200 0.99044900 0.00072600 -0.10263547 -0.16277550 1.45308518 -2.35325920
2457444.84594200 0.98753000 0.00072600 -0.09258347 -0.18894050 -0.67737082 6.08346880
2457444.84758600 0.98918100 0.00072700 -0.08218847 -0.33242550 0.24451518 -0.13341020
2457444.84922300 0.98870400 0.00072800 -0.07157347 -0.04915550 1.59030518 1.38784580
2457444.85086200 0.98942300 0.00073000 -0.06068247 -0.02950550 -0.30418582 4.70991480
2457444.85250200 0.98880300 0.00073100 -0.04944847 -0.12624150 1.01535418 -0.96819820
2457444.85414000 0.98613100 0.00073200 -0.03794247 -0.17010650 0.20817218 -0.29407520
2457444.85578800 0.98493300 0.00073100 -0.02606447 -0.44608550 -0.69145182 4.24066880
2457444.85743600 0.98503400 0.00073200 -0.01384447 -0.36384950 2.16847718 6.11036780
2457444.85907100 0.98866100 0.00073500 -0.00137047 -0.23650850 0.90846418 4.76415780
2457444.86070800 0.99025900 0.00073900 0.01147453 -0.00744250 2.00293418 -0.82661520
2457444.86234600 0.98907900 0.00073900 0.02463753 -0.50805250 0.27727218 5.58951780
2457444.86399300 0.98646200 0.00073900 0.03829853 -0.59557450 0.28410018 7.26035280
2457444.86564100 0.98788900 0.00074100 0.05232853 -0.37627050 1.17532918 4.44574980
2457444.86727600 0.98566700 0.00074200 0.06667253 -0.62307250 0.61995518 3.21437580
2457444.86891500 0.98883800 0.00074500 0.08142153 -0.53569450 0.69984818 3.66677680
2457444.87056800 0.98700100 0.00074600 0.09673753 -0.29665450 0.74182018 5.55748880
2457444.87221600 0.98740800 0.00074800 0.11245953 -0.59793950 0.78461818 3.42266680
2457444.87402800 0.98956500 0.00075000 0.13026553 -0.49109450 0.46554418 5.09405780
2457444.87577300 0.98784100 0.00075100 0.14794653 -0.20134050 -0.44718482 4.37290580
2457444.87751300 0.98726700 0.00075400 0.16615253 0.06549350 0.79642418 4.81540580
2457444.87916300 0.98852500 0.00075500 0.18395053 -0.11062250 0.39776618 5.43456180
2457444.88081000 0.98937000 0.00076000 0.20226553 -0.30794450 0.40042818 3.29552480
2457444.88255000 0.98574100 0.00075900 0.22222353 -0.31884550 1.60638018 3.01350680
2457444.88407100 0.99065200 0.00076500 0.24015553 -0.45641150 1.60746118 6.87884880
2457444.88582200 0.99208000 0.00076800 0.26147853 -0.21198050 1.62367118 3.77650980
2457444.88776500 0.99376700 0.00077200 0.28594253 -0.08802550 0.55029718 2.65530380
2457444.88938300 0.99284600 0.00077400 0.30700653 0.22325950 2.62877018 4.07020780
2457444.89094500 0.99412100 0.00077800 0.32799953 0.07670550 1.16457118 1.36618980
2457444.89258900 0.99238600 0.00077900 0.35073253 0.11167450 1.18947618 3.92949280
2457444.89423000 0.98752300 0.00077800 0.37420353 0.15526150 -0.31408882 6.57742780
2457444.89588000 0.99448300 0.00078700 0.39858953 0.64098050 1.03492018 4.32571880
2457444.89761900 0.99699000 0.00079000 0.42523353 -0.24324050 0.27883718 -3.76819120
2457444.89927600 0.99638900 0.00079300 0.45147953 -0.39935150 2.10227618 -0.32014520
2457444.90084000 0.99422600 0.00079400 0.47702753 -0.65622750 0.74056518 -1.00822420
2457444.90257700 0.99792600 0.00080000 0.50639153 -0.64694850 1.86972718 1.26018080
2457444.90421400 0.99618900 0.00080300 0.53503153 -0.52277950 0.50345618 1.64898380
2457444.90596300 1.00016700 0.00081000 0.56679053 -0.40009150 -0.24200982 0.98868380
2457444.90760000 0.99720300 0.00081000 0.59759453 -0.51465350 1.53951518 -0.00511020
2457444.90923800 0.99330400 0.00081100 0.62960653 -0.43887150 1.25401318 0.56779580
2457444.91075900 0.99442000 0.00081400 0.66026753 -0.41115350 1.70103918 6.34601080
2457444.91241100 0.99326500 0.00082000 0.69486553 -0.27941250 2.05607118 5.85215680
2457444.91401800 1.00107400 0.00083100 0.72978453 0.17294350 1.63774218 4.81850980
2457444.91558100 0.99777100 0.00083300 0.76499053 0.07398650 1.71739618 7.91456380
2457444.91721900 0.99773500 0.00084200 0.80328953 0.26201550 2.56501418 8.14965480
2457444.91883800 0.99690100 0.00084500 0.84263053 0.26207850 2.73013218 6.64390780
2457444.92040000 0.99868800 0.00085200 0.88209553 0.87635950 1.08722618 8.09674280
2457444.92191900 0.99935500 0.00085700 0.92196753 0.57374150 0.49331818 6.09130680
2457444.92353900 0.99259100 0.00085800 0.96609253 0.44247750 2.75356918 7.77045080
2457444.92520500 0.99860300 0.00086800 1.01343953 1.32993550 -0.95678782 1.07431480
2457444.92672600 0.99560400 0.00087300 1.05847553 0.75828250 1.40085318 8.96010780
2457444.92835500 1.00410200 0.00088700 1.10874353 1.20966350 1.29778118 9.51067180
2457444.92988900 0.99629800 0.00088700 1.15817053 0.46320850 1.14060118 5.05508680
2457444.93145500 0.99549300 0.00089500 1.21076453 1.03343250 2.61792418 6.05057780
2457444.93298000 1.00119300 0.00090400 1.26419153 0.48941450 1.71873218 8.02742080
2457444.93462900 0.99359600 0.00090000 1.32459253 0.07302150 0.19827618 8.56880280
2457444.93615300 0.98984400 0.00091200 1.38300253 -0.01909650 1.49990118 11.33379680
2457444.93768900 0.99304100 0.00092200 1.44461053 -0.30039650 2.36756518 9.01248680
2457444.93934700 0.99526000 0.00092800 1.51425453 0.05902650 1.99301218 9.25330880
2457444.94099300 0.99199100 0.00094100 1.58696953 0.19396850 2.53642918 10.71741880
2457444.94252800 1.00188400 0.00096000 1.65831053 0.29961850 0.80448718 8.33675880
2457444.94414500 0.99517400 0.00096800 1.73725253 -0.12850750 2.58480218 10.23200580
2457444.94570900 0.99848100 0.00097500 1.81767653 0.20687750 1.22315118 10.85940080
2457444.94723400 0.99179600 0.00098800 1.90022853 0.77188050 0.44008218 10.11699480
2457444.94876900 0.98700600 0.00099900 1.98786553 0.10946250 2.53213218 10.39730980
