2457093.57023200 1.00001300 0.00106200 -0.08237729 -1.82965806 -49.51302896 -0.18840762 -391839.55268638
2457093.57189700 1.00099800 0.00106300 -0.08071229 -1.82954406 -49.86163996 -0.18907862 -387426.23675938
2457093.57355300 1.00220500 0.00106700 -0.07905629 -1.23585006 -49.30366196 -0.18965162 -393391.55272338
2457093.57521900 0.99870000 0.00106200 -0.07739029 -1.16131406 -48.78278096 -0.19012262 -390434.70211338
2457093.57686300 1.00105500 0.00106400 -0.07574629 -0.44974106 -50.07549396 -0.19048262 -394216.85361538
2457093.57762700 1.00080000 0.00106600 -0.07498229 -0.55361506 -49.45802296 -0.19061762 -399067.56864638
2457093.57927000 1.00365900 0.00107100 -0.07333929 0.42011494 -53.52384296 -0.19083562 -415711.80042638
2457093.58090200 1.00084800 0.00106300 -0.07170729 -0.99381906 -54.49624496 -0.19095262 -391231.36824138
2457093.58256900 1.00283000 0.00106100 -0.07004029 -0.96143806 -58.04993996 -0.19097462 -394219.65216038
2457093.58423500 1.00044500 0.00106100 -0.06837429 -0.99611206 -57.59710196 -0.19088762 -397616.10945138
2457093.58556500 1.00028600 0.00105700 -0.06704429 -1.17164006 -58.33809296 -0.19074662 -392424.36372538
2457093.58719700 0.99945500 0.00105600 -0.06541229 -1.40795806 -58.34363996 -0.19048562 -390025.31376038
2457093.58886400 0.99840500 0.00105500 -0.06374529 -1.18652406 -60.99500296 -0.19011362 -397723.29085938
2457093.59053100 1.00018100 0.00105600 -0.06207829 -1.24244506 -61.91046496 -0.18964862 -395534.96066338
2457093.59219700 0.99790500 0.00105500 -0.06041229 -1.05067306 -61.33477496 -0.18907162 -394728.79504738
2457093.59295000 0.99931900 0.00105500 -0.05965929 -1.06590506 -60.30266396 -0.18877862 -389336.49397938
2457093.59460500 1.00027500 0.00105500 -0.05800429 -0.92372306 -62.44730596 -0.18805962 -390206.09727138
2457093.59627100 0.99879400 0.00105200 -0.05633829 -0.68848206 -63.04816296 -0.18722962 -391625.38749438
2457093.59795000 1.00213200 0.00105900 -0.05465929 -0.81121306 -63.97471696 -0.18629462 -394875.87682038
2457093.59960400 1.00039400 0.00105300 -0.05300529 -1.02039606 -63.94416996 -0.18526562 -390237.63905638
2457093.60095800 1.00048800 0.00105100 -0.05165129 -0.67601906 -65.53265096 -0.18434762 -384359.51155438
2457093.60261300 1.00169800 0.00105500 -0.04999629 -0.36963806 -65.57811496 -0.18312762 -393702.55983938
2457093.60426800 1.00038300 0.00105100 -0.04834129 -0.51013506 -64.65588496 -0.18180662 -387278.88191938
2457093.60594600 0.99908400 0.00104400 -0.04666329 -0.98167506 -66.02684096 -0.18035962 -368417.91347238
2457093.60761300 0.99945800 0.00104200 -0.04499629 -1.16247306 -68.86194796 -0.17881862 -362409.19928438
2457093.60837700 0.99730500 0.00104000 -0.04423229 -1.04691906 -68.62874496 -0.17807462 -365916.52521538
2457093.61004400 0.99867300 0.00104000 -0.04256529 -0.91968506 -69.91544396 -0.17636962 -366967.56685838
2457093.61172200 0.99987700 0.00103900 -0.04088729 -1.17004306 -71.37218196 -0.17454662 -355573.95233238
2457093.61339900 0.99899900 0.00103800 -0.03921029 -0.67709706 -69.97092496 -0.17261262 -356912.17677038
2457093.61508900 1.00033200 0.00103400 -0.03752029 -1.51676806 -71.33674596 -0.17055562 -343565.09439938
2457093.61716100 0.99922200 0.00104000 -0.03544829 -0.67581206 -70.11908396 -0.16786962 -362579.75967638
2457093.61880400 1.00069500 0.00104500 -0.03380529 -0.63648806 -69.32828996 -0.16561762 -373340.22912238
2457093.62048200 1.00015200 0.00104400 -0.03212729 -0.68659206 -69.87048896 -0.16320462 -371401.80719838
2457093.62213800 0.99846300 0.00104600 -0.03047129 -0.98810206 -70.59629896 -0.16070762 -380226.08449038
2457093.62381600 0.99821300 0.00104100 -0.02879329 -1.02742106 -71.27059896 -0.15806262 -365801.74617538
2457093.62459100 0.99826000 0.00103700 -0.02801829 -1.11525706 -72.61493396 -0.15680062 -356943.86669638
2457093.62625800 0.99981800 0.00104500 -0.02635129 -0.46356906 -71.72601196 -0.15400762 -383558.50032538
2457093.62793500 0.99820000 0.00104100 -0.02467429 -0.77218406 -73.87618996 -0.15106562 -382512.71062738
2457093.62960200 0.99749400 0.00104000 -0.02300729 -0.69633406 -76.17410796 -0.14802762 -384294.15556938
2457093.63128000 0.99931600 0.00104200 -0.02132929 -0.50862106 -80.11492096 -0.14484162 -388629.96038038
2457093.63279600 0.99447500 0.00103000 -0.01981329 -0.88105506 -79.56488496 -0.14185862 -363622.22121938
2457093.63444000 0.99288400 0.00103100 -0.01816929 -0.72956806 -82.65534796 -0.13850862 -382271.37434538
2457093.63611800 0.99275800 0.00103100 -0.01649129 -0.69866306 -84.42389796 -0.13496162 -380230.37347038
2457093.63779600 0.99278500 0.00103300 -0.01481329 -0.49690706 -83.59963496 -0.13128862 -387136.41986638
2457093.63948600 0.99132500 0.00103000 -0.01312329 -0.53638706 -84.65851596 -0.12745462 -383313.00501338
2457093.64025000 0.99200300 0.00103400 -0.01235929 -0.14142306 -82.80251296 -0.12567762 -397862.18561438
2457093.64192700 0.99290700 0.00103200 -0.01068229 -0.20800006 -84.33770296 -0.12167062 -388704.82526938
2457093.64359400 0.99177300 0.00103100 -0.00901529 -0.22448906 -87.89481296 -0.11756062 -391008.08148038
2457093.64527200 0.99194200 0.00103100 -0.00733729 -0.04195206 -87.79845496 -0.11328562 -396541.13233638
2457093.64695000 0.99008100 0.00103100 -0.00565929 0.07228294 -88.65674496 -0.10887262 -399675.99267038
2457093.64869800 0.99070000 0.00091000 -0.00391129 0.07093694 -31.82235096 -0.10431362 231601.38166862
2457093.65050400 0.98885400 0.00090300 -0.00210529 -0.22954106 -34.88954596 -0.09924462 245482.34466862
2457093.65232100 0.99082500 0.00090500 -0.00028829 0.06017994 -35.58693096 -0.09397362 236586.16334962
2457093.65413800 0.98911800 0.00090600 0.00152871 0.46004394 -35.45466596 -0.08852662 227320.53669962
2457093.65594200 0.99130900 0.00090800 0.00333271 0.30762194 -33.97904796 -0.08294162 226116.73463262
2457093.65774800 0.99058000 0.00090600 0.00513871 -0.10667906 -33.39785696 -0.07716762 235805.18537562
2457093.65954200 0.98843300 0.00091000 0.00693271 0.33444494 -31.25621396 -0.07125262 216819.75577162
2457093.66135900 0.98814600 0.00091100 0.00874971 0.32316094 -31.33573096 -0.06507262 210534.92201562
2457093.67683300 0.98863000 0.00092500 0.02422371 0.34056394 -34.81020196 -0.00413762 146206.26855862
2457093.67887000 0.98894500 0.00092700 0.02626071 0.40052694 -32.91396496 0.00508338 139123.68994962
2457093.68091800 0.99204700 0.00093400 0.02830871 0.37980294 -29.77245096 0.01466738 127768.45080562
2457093.68295500 0.98550100 0.00092400 0.03034571 0.10412594 -27.39041996 0.02450538 149567.55429062
2457093.68386900 0.99100300 0.00093400 0.03125971 0.33644694 -25.91993196 0.02902538 125366.95562462
2457093.68590600 0.98848600 0.00092800 0.03329671 0.52466094 -26.56508396 0.03933338 142470.76101962
2457093.68795400 0.98641800 0.00092600 0.03534471 0.50144994 -24.64641896 0.05004238 150928.00454762
2457093.68885700 0.98861400 0.00093300 0.03624771 0.78475194 -24.36948096 0.05485938 139277.25179862
2457093.69206300 0.98759100 0.00085600 0.03945371 0.57538994 26.49388404 0.07224338 640484.92061462
2457093.69433200 0.98681400 0.00085600 0.04172271 0.68826994 24.15956404 0.08530738 625799.86511662
2457093.69660000 0.98721800 0.00086000 0.04399071 0.77952094 31.09638604 0.09884438 619070.65226762
2457093.69887900 0.98459700 0.00086100 0.04626971 0.90862994 36.52652804 0.11293738 609766.39614862
2457093.70114800 0.98514400 0.00086800 0.04853871 1.34192794 42.33492704 0.12747938 589006.31117362
2457093.70215500 0.98575300 0.00087100 0.04954571 1.24447994 43.38945704 0.13409938 589598.13281262
2457093.70507100 0.98924600 0.00088100 0.05246171 1.31067494 48.73420504 0.15388238 556252.81809862
2457093.70731700 0.98658300 0.00088000 0.05470771 0.90214294 54.81028104 0.16974038 558622.98312762
2457093.70958500 0.98783900 0.00088800 0.05697571 1.30241094 64.76527704 0.18633238 537161.64466762
2457093.71185400 0.98600300 0.00089000 0.05924471 0.95502694 72.93824204 0.20354538 540279.47455962
2457093.71412100 0.98670900 0.00089900 0.06151171 1.25824994 80.57129904 0.22139938 516996.76610562
2457093.71514000 0.98528100 0.00090200 0.06253071 1.48517294 84.99438304 0.22962738 503896.98654062
2457093.71803300 0.98845800 0.00091100 0.06542371 1.15664294 90.66396304 0.25374338 481012.39678062
2457093.72029000 0.98717100 0.00091400 0.06768071 1.26761094 98.46548704 0.27336738 480287.92128962
2457093.72258200 0.98530900 0.00091900 0.06997271 1.05415094 104.76696504 0.29404038 454389.20514262
2457093.72486200 0.98865300 0.00092600 0.07225271 1.12107494 111.91938304 0.31551338 455721.48498562
2457093.72715300 0.98440300 0.00093200 0.07454371 1.36340694 121.48222504 0.33779838 427873.97868362
2457093.72816000 0.98401900 0.00093500 0.07555071 0.91506694 128.28559904 0.34786838 426695.30030862
2457093.73156200 0.98331000 0.00088300 0.07895271 1.39108794 202.00694004 0.38257538 843441.33535762
2457093.73405100 0.98363000 0.00089600 0.08144171 1.56218194 212.31843404 0.40971438 792706.13511062
2457093.73657400 0.98830100 0.00090800 0.08396471 1.56593494 222.69216104 0.43844438 769173.56457662
2457093.73908600 0.97944400 0.00091100 0.08647671 1.21451994 235.88320404 0.46829838 737278.09939762
2457093.74021900 0.98461900 0.00092400 0.08760971 1.66574194 243.52069804 0.48223538 705989.84153562
2457093.74509200 0.98901300 0.00094800 0.09248271 1.38005894 267.38469004 0.54539538 645089.46239462
2457093.74760300 0.98332100 0.00095900 0.09499371 1.56718994 285.57746204 0.58018038 606671.11342962
2457093.75011500 0.98893200 0.00098200 0.09750571 1.92861694 299.74024104 0.61663738 545394.26268762
2457093.75262600 0.98616300 0.00099400 0.10001671 1.91205794 317.88463704 0.65483038 512153.82912462
2457093.75376000 0.98894200 0.00101100 0.10115071 2.23719194 329.96744604 0.67270138 464840.58587962
