2457330.75147300 1.00193300 0.00185000 -0.10618877 1.18713499 -26720.75588713
2457330.75380900 1.00050700 0.00183700 -0.10385277 1.11600599 -24284.67563713
2457330.75614700 1.00251900 0.00182900 -0.10151477 1.04883099 -22149.64868713
2457330.75848200 1.00109800 0.00182200 -0.09917977 0.98538099 -21582.70882913
2457330.76081700 0.99949600 0.00182000 -0.09684477 0.92526599 -22200.12446913
2457330.76315600 0.99781000 0.00180000 -0.09450577 0.86810199 -18024.90374013
2457330.76549400 1.00098500 0.00181300 -0.09216777 0.81399099 -20874.17080313
2457330.76783200 1.00118900 0.00181300 -0.08982977 0.76251299 -21567.84762913
2457330.77017000 1.00345000 0.00180100 -0.08749177 0.71358799 -18454.67712613
2457330.77250900 0.99942900 0.00180000 -0.08515277 0.66702099 -17486.07846113
2457330.77484100 1.00054900 0.00181500 -0.08282077 0.62273699 -14690.70320613
2457330.77717900 1.00033100 0.00181700 -0.08048277 0.58039599 -12603.01843513
2457330.77951700 0.99930100 0.00179600 -0.07814477 0.53998999 -7742.85382113
2457330.78185500 1.00123800 0.00180600 -0.07580677 0.50136299 -8175.15621413
2457330.78419100 1.00334000 0.00179800 -0.07347077 0.46458199 -6983.47917113
2457330.78682100 1.00074200 0.00176800 -0.07084077 0.42497899 -7780.70427613
2457330.78944900 0.99980400 0.00173000 -0.06821277 0.38725999 -3320.99562613
2457330.79178700 1.00228100 0.00176200 -0.06587477 0.35531899 -4825.21676113
2457330.79412600 1.00039900 0.00177500 -0.06353577 0.32462499 -4224.07880213
2457330.79646400 0.99947900 0.00176900 -0.06119777 0.29532499 -5811.35011913
2457330.79880200 0.99970000 0.00170800 -0.05885977 0.26708199 -2534.62366613
2457330.80113700 0.99719400 0.00171000 -0.05652477 0.24011199 -2795.26465213
2457330.80347800 0.99770700 0.00172300 -0.05418377 0.21409099 -2186.81664613
2457330.80581700 0.99613200 0.00173300 -0.05184477 0.18909599 2396.85750287
2457330.80844100 0.99454800 0.00173800 -0.04922077 0.16234799 1332.89654087
2457330.81150800 0.99033700 0.00168000 -0.04615377 0.13236699 3920.90842587
2457330.81399400 0.99205000 0.00171000 -0.04366777 0.10926699 2001.46051487
2457330.81632900 0.99216700 0.00173200 -0.04133277 0.08836499 -3078.75464413
2457330.81895700 0.98942300 0.00169500 -0.03870477 0.06589099 -1890.68162513
2457330.82158100 0.99078300 0.00169400 -0.03608077 0.04422799 4624.54848587
2457330.82392000 0.99392600 0.00171200 -0.03374177 0.02575899 -2557.78210713
2457330.82625800 0.98824900 0.00166700 -0.03140377 0.00795099 5275.65192787
2457330.82859600 0.99248400 0.00170600 -0.02906577 -0.00921701 -1066.34003613
2457330.83093100 0.99066500 0.00166900 -0.02673077 -0.02573701 6504.75235387
2457330.83326700 0.99045400 0.00166700 -0.02439477 -0.04168301 8095.91590287
2457330.83575300 0.99136800 0.00170400 -0.02190877 -0.05795101 -2872.91494513
2457330.83852800 0.98990400 0.00166300 -0.01913377 -0.07545901 7711.76054487
2457330.84090300 0.98989600 0.00169500 -0.01675877 -0.08980401 -2160.25863813
2457330.84327700 0.98979000 0.00165000 -0.01438477 -0.10366601 9606.33566387
2457330.84562400 0.99129600 0.00174000 -0.01203777 -0.11681901 -15126.73667013
2457330.84799900 0.99286700 0.00164800 -0.00966277 -0.12970001 10917.18093887
2457330.85047900 0.98972800 0.00164900 -0.00718277 -0.14257701 8523.08049587
2457330.85325700 0.99303500 0.00168100 -0.00440477 -0.15649601 2033.84614987
2457330.85588800 0.99022400 0.00165100 -0.00177377 -0.16907601 10423.37147387
2457330.85851200 0.99137600 0.00166400 0.00085023 -0.18115901 7015.02702087
2457330.86129000 0.98795300 0.00165900 0.00362823 -0.19335901 6511.22108287
2457330.86377300 0.99144700 0.00165700 0.00611123 -0.20384301 8055.43108487
2457330.86674500 0.99129200 0.00166700 0.00908323 -0.21583401 3194.00282087
2457330.86908300 0.99040500 0.00166500 0.01142123 -0.22487101 4830.01554987
2457330.87211600 0.99020200 0.00165300 0.01445423 -0.23595501 10682.35956587
2457330.87654400 0.99133000 0.00168900 0.01888223 -0.25123601 -2766.91770413
2457330.87887900 0.98943800 0.00165600 0.02121723 -0.25891801 8715.76369787
2457330.88121700 0.99078400 0.00165600 0.02355523 -0.26624701 11057.16931287
2457330.88355500 0.99123500 0.00167400 0.02589323 -0.27332501 3872.59080287
2457330.88589400 0.99309000 0.00166600 0.02823223 -0.28009801 8825.59329187
2457330.88822900 0.99071800 0.00163900 0.03056723 -0.28658601 15074.61896787
2457330.89056100 0.98824700 0.00164300 0.03289923 -0.29278901 14275.70335387
2457330.89289900 0.99098600 0.00164800 0.03523723 -0.29871901 12171.90881987
2457330.89523500 0.98762100 0.00164000 0.03757323 -0.30440301 14308.12600087
2457330.89757300 0.99095900 0.00164100 0.03991123 -0.30980301 14630.55130587
2457330.89991100 0.98868800 0.00164100 0.04224923 -0.31496401 11849.63334087
2457330.90224900 0.98718900 0.00164100 0.04458723 -0.31986901 11824.33228287
2457330.90458500 0.98849200 0.00163600 0.04692323 -0.32452901 12910.35185487
2457330.90692000 0.98746400 0.00165700 0.04925823 -0.32894101 7157.06746187
2457330.90925800 0.99008600 0.00162900 0.05159623 -0.33312701 15246.18983687
2457330.91159000 0.98853700 0.00163200 0.05392823 -0.33707301 16337.00701587
2457330.91392800 0.98922600 0.00163400 0.05626623 -0.34082101 15901.47875687
2457330.91626100 0.98841700 0.00163700 0.05859923 -0.34433901 13922.06605487
2457330.91859900 0.99113700 0.00164500 0.06093723 -0.34758401 13228.23492487
2457330.92093400 0.98775300 0.00163600 0.06327223 -0.35061701 14310.21988087
2457330.92327000 0.99182900 0.00166700 0.06560823 -0.35347501 6343.69995787
2457330.92560900 0.99415700 0.00163700 0.06794723 -0.35608701 16246.33826987
2457330.92794700 0.99390300 0.00163900 0.07028523 -0.35847301 15966.61820487
2457330.93028500 0.99395500 0.00163300 0.07262323 -0.36067701 17855.09318487
2457330.93262000 0.99549300 0.00162400 0.07495823 -0.36266201 21859.70290187
2457330.93495800 0.99837700 0.00164800 0.07729623 -0.36443001 14490.80895187
2457330.93729900 0.99824200 0.00167000 0.07963723 -0.36600101 7858.16107187
2457330.93963400 0.99705600 0.00167200 0.08197223 -0.36736401 7833.59840987
2457330.94196900 0.99923400 0.00167000 0.08430723 -0.36855101 8983.49947987
2457330.94430700 0.99800100 0.00167500 0.08664523 -0.36950401 6982.79716187
2457330.94664300 0.99759600 0.00165800 0.08898123 -0.37027701 13703.51993787
2457330.94897900 0.99817100 0.00173700 0.09131723 -0.37080401 -10350.17327513
2457330.95131700 0.99985400 0.00176200 0.09365523 -0.37115801 -14080.21854913
2457330.95365200 0.99617600 0.00178900 0.09599023 -0.37133801 -17381.31085213
2457330.95598800 0.99839700 0.00190100 0.09832623 -0.37134401 -38933.51728013
2457330.95832600 0.99853800 0.00193200 0.10066423 -0.37112301 -32774.34809413
2457330.96066400 0.99818200 0.00199300 0.10300223 -0.37067901 -26403.72552113
2457330.96358600 0.99937100 0.00219000 0.10592423 -0.36982501 -28935.53593713
