2457444.65573800	1.00087400	0.00067500	-0.14648628	0.02145823
2457444.65726900	1.00006800	0.00067500	-0.14495528	0.02101203
2457444.65880300	1.00070900	0.00067400	-0.14342128	0.02056966
2457444.66017600	0.99896700	0.00067300	-0.14204828	0.02017771
2457444.66171000	1.00263600	0.00067600	-0.14051428	0.01974426
2457444.66362200	1.00066500	0.00067300	-0.13860228	0.01921059
2457444.66515700	1.00186000	0.00067400	-0.13706728	0.01878744
2457444.66668600	0.99888600	0.00067300	-0.13553828	0.01837062
2457444.66822200	1.00139800	0.00067300	-0.13400228	0.01795661
2457444.66975300	0.99957100	0.00067300	-0.13247128	0.01754864
2457444.67129200	0.99947800	0.00067300	-0.13093228	0.01714326
2457444.67282400	0.99941200	0.00067200	-0.12940028	0.01674443
2457444.67435700	0.99987900	0.00067300	-0.12786728	0.01635004
2457444.67589200	1.00060600	0.00067500	-0.12633228	0.01595984
2457444.67755200	1.00169400	0.00067400	-0.12467228	0.01554318
2457444.67907900	0.99943100	0.00067400	-0.12314528	0.01516476
2457444.68061600	1.00023600	0.00067500	-0.12160828	0.01478857
2457444.68215100	0.99953900	0.00067600	-0.12007328	0.01441759
2457444.68368300	0.99925500	0.00067700	-0.11854128	0.01405203
2457444.68521500	1.00140800	0.00067900	-0.11700928	0.01369117
2457444.68674200	0.99807300	0.00067900	-0.11548228	0.01333616
2457444.68828200	0.99935700	0.00068000	-0.11394228	0.01298284
2457444.68981500	1.00086000	0.00068100	-0.11240928	0.01263585
2457444.69135000	1.00105200	0.00068100	-0.11087428	0.01229311
2457444.69288400	1.00111900	0.00068000	-0.10934028	0.01195530
2457444.69441700	0.99954700	0.00068100	-0.10780728	0.01162241
2457444.69607400	0.99985600	0.00068100	-0.10615028	0.01126788
2457444.69760800	0.99904200	0.00068100	-0.10461628	0.01094457
2457444.69913900	0.99988800	0.00068100	-0.10308528	0.01062657
2457444.70067100	0.99972600	0.00068100	-0.10155328	0.01031307
2457444.70220100	1.00156900	0.00068200	-0.10002328	0.01000466
2457444.70373400	1.00069000	0.00068200	-0.09849028	0.00970033
2457444.70526600	0.99932600	0.00068100	-0.09695828	0.00940091
2457444.70680000	0.99838900	0.00068400	-0.09542428	0.00910579
2457444.70858400	0.99894600	0.00068100	-0.09364028	0.00876850
2457444.71011600	1.00023500	0.00068200	-0.09210828	0.00848393
2457444.71165100	0.99930100	0.00068200	-0.09057328	0.00820352
2457444.71330700	1.00078900	0.00068300	-0.08891728	0.00790628
2457444.71484500	0.99815000	0.00068600	-0.08737928	0.00763514
2457444.71650200	1.00119900	0.00068500	-0.08572228	0.00734831
2457444.71803300	0.99997100	0.00068400	-0.08419128	0.00708817
2457444.71956600	0.99930300	0.00068600	-0.08265828	0.00683239
2457444.72122200	1.00025000	0.00068500	-0.08100228	0.00656137
2457444.72275700	0.99869300	0.00068500	-0.07946728	0.00631505
2457444.72429000	1.00013300	0.00068600	-0.07793428	0.00607375
2457444.72582300	1.00005500	0.00068400	-0.07640128	0.00583716
2457444.72737200	0.99964600	0.00068500	-0.07485228	0.00560286
2457444.72900700	1.00011900	0.00068600	-0.07321728	0.00536077
2457444.73065400	1.00061200	0.00068600	-0.07157028	0.00512230
2457444.73219100	1.00001400	0.00068500	-0.07003328	0.00490466
2457444.73374200	0.99885300	0.00068200	-0.06848228	0.00468982
2457444.73527600	0.99905100	0.00068500	-0.06694828	0.00448207
2457444.73681100	0.99879700	0.00068500	-0.06541328	0.00427890
2457444.73834800	0.99984800	0.00068500	-0.06387628	0.00408018
2457444.73998600	0.99917400	0.00068600	-0.06223828	0.00387360
2457444.74163600	0.99966800	0.00068600	-0.06058828	0.00367094
2457444.74329600	1.00010400	0.00068500	-0.05892828	0.00347254
2457444.74482900	0.99932600	0.00068600	-0.05739528	0.00329422
2457444.74648500	0.99978500	0.00068500	-0.05573928	0.00310687
2457444.74812500	1.00046600	0.00068500	-0.05409928	0.00292673
2457444.74966900	1.00056900	0.00068500	-0.05255528	0.00276206
2457444.75130600	0.99947800	0.00068700	-0.05091828	0.00259267
2457444.75294900	0.99826800	0.00068400	-0.04927528	0.00242805
2457444.75450700	1.00091200	0.00068200	-0.04771728	0.00227694
2457444.75614600	0.99966500	0.00068400	-0.04607828	0.00212321
2457444.75778400	0.99994100	0.00068300	-0.04444028	0.00197494
2457444.75931900	0.99920400	0.00068300	-0.04290528	0.00184086
2457444.76095600	0.99889200	0.00068500	-0.04126828	0.00170307
2457444.76259300	0.99887000	0.00068300	-0.03963128	0.00157064
2457444.76423800	0.99819500	0.00068200	-0.03798628	0.00144296
2457444.76577700	0.99855300	0.00068500	-0.03644728	0.00132840
2457444.76754000	0.99895600	0.00068600	-0.03468428	0.00120300
2457444.76918800	0.99728600	0.00068500	-0.03303628	0.00109140
2457444.77094400	0.99664200	0.00068500	-0.03128028	0.00097846
2457444.77258600	0.99627000	0.00068300	-0.02963828	0.00087843
2457444.77423200	0.99491000	0.00068300	-0.02799228	0.00078357
2457444.77587800	0.99354100	0.00068300	-0.02634628	0.00069413
2457444.77752500	0.99365000	0.00068400	-0.02469928	0.00061005
2457444.77917400	0.99189700	0.00068400	-0.02305028	0.00053132
2457444.78081900	0.99205400	0.00068400	-0.02140528	0.00045819
2457444.78246600	0.99231200	0.00068400	-0.01975828	0.00039039
2457444.78410900	0.99124700	0.00068300	-0.01811528	0.00032816
2457444.78574600	0.99069600	0.00068500	-0.01647828	0.00027153
2457444.78739500	0.99205800	0.00068500	-0.01482928	0.00021991
2457444.78905100	0.99187400	0.00068500	-0.01317328	0.00017354
2457444.79068600	0.99133700	0.00068500	-0.01153828	0.00013313
2457444.79233400	0.99304300	0.00068600	-0.00989028	0.00009782
2457444.79398000	0.99250600	0.00068500	-0.00824428	0.00006797
2457444.79562800	0.99062100	0.00068400	-0.00659628	0.00004351
2457444.79727100	0.99208000	0.00068500	-0.00495328	0.00002453
2457444.79890900	0.99142600	0.00068400	-0.00331528	0.00001099
2457444.80056000	0.98925500	0.00068400	-0.00166428	0.00000277
2457444.80230500	0.99030500	0.00068600	0.00008072	0.00000001
2457444.80395000	0.99045800	0.00068800	0.00172572	0.00000298
2457444.80560900	0.98926700	0.00068600	0.00338472	0.00001146
2457444.80726600	0.99051900	0.00068500	0.00504172	0.00002542
2457444.80890600	0.98896700	0.00068500	0.00668172	0.00004465
2457444.81054300	0.98928400	0.00068600	0.00831872	0.00006920
2457444.81217800	0.99024500	0.00068800	0.00995372	0.00009908
2457444.81381500	0.98978000	0.00068700	0.01159072	0.00013434
2457444.81545300	0.99063400	0.00068900	0.01322872	0.00017500
2457444.81710200	0.98931400	0.00068800	0.01487772	0.00022135
2457444.81875800	0.99068600	0.00068900	0.01653372	0.00027336
2457444.82039600	0.98975100	0.00068800	0.01817172	0.00033021
2457444.82204300	0.99118700	0.00068900	0.01981872	0.00039278
2457444.82368200	0.99084000	0.00069100	0.02145772	0.00046043
2457444.82533200	0.98866100	0.00069300	0.02310772	0.00053397
2457444.82699200	0.98918400	0.00069200	0.02476772	0.00061344
2457444.82864700	0.98935100	0.00069300	0.02642272	0.00069816
2457444.83029400	0.99070200	0.00069300	0.02806972	0.00078791
2457444.83193200	0.99018800	0.00069400	0.02970772	0.00088255
2457444.83357700	0.98803400	0.00069500	0.03135272	0.00098299
2457444.83522200	0.98996400	0.00069500	0.03299772	0.00108885
2457444.83688000	0.99106600	0.00069500	0.03465572	0.00120102
2457444.83851600	0.99261900	0.00069700	0.03629172	0.00131709
2457444.84015700	0.99169300	0.00070000	0.03793272	0.00143889
2457444.84180800	0.99040200	0.00069900	0.03958372	0.00156687
2457444.84346400	0.99265700	0.00069900	0.04123972	0.00170071
2457444.84510200	0.99043100	0.00069800	0.04287772	0.00183850
2457444.84674300	0.99090000	0.00069800	0.04451872	0.00198192
2457444.84838700	0.99308300	0.00069900	0.04616272	0.00213100
2457444.85002400	0.99251900	0.00070000	0.04779972	0.00228481
2457444.85166300	0.99026800	0.00070000	0.04943872	0.00244419
2457444.85330300	0.99135100	0.00070100	0.05107872	0.00260904
2457444.85494100	0.99002600	0.00070200	0.05271672	0.00277905
2457444.85658800	0.99098500	0.00070200	0.05436372	0.00295541
2457444.85823600	0.98974300	0.00070200	0.05601172	0.00313731
2457444.85987200	0.98844000	0.00070300	0.05764772	0.00332326
2457444.86150900	0.99216200	0.00070500	0.05928472	0.00351468
2457444.86314700	0.98871700	0.00070200	0.06092272	0.00371158
2457444.86479300	0.99015500	0.00070500	0.06256872	0.00391485
2457444.86644200	0.98999100	0.00070500	0.06421772	0.00412392
2457444.86807600	0.99273400	0.00070800	0.06585172	0.00433645
2457444.86971600	0.98988100	0.00070700	0.06749172	0.00455513
2457444.87136900	0.99089000	0.00070800	0.06914472	0.00478099
2457444.87301600	0.99004400	0.00070900	0.07079172	0.00501147
2457444.87482900	0.98879000	0.00070900	0.07260472	0.00527145
2457444.87657400	0.98895500	0.00070900	0.07434972	0.00552788
2457444.87831400	0.99192100	0.00071100	0.07608972	0.00578965
2457444.87996400	0.99085000	0.00071400	0.07773972	0.00604346
2457444.88161000	0.98895300	0.00071200	0.07938572	0.00630209
2457444.88324600	0.99355000	0.00071600	0.08102172	0.00656452
2457444.88488300	0.98983600	0.00071700	0.08265872	0.00683246
2457444.88662100	0.98955000	0.00071700	0.08439672	0.00712281
2457444.88856500	0.99255400	0.00072000	0.08634072	0.00745472
2457444.89008900	0.99152100	0.00072200	0.08786472	0.00772021
2457444.89174600	0.99246800	0.00072200	0.08952172	0.00801414
2457444.89338900	0.99232600	0.00072300	0.09116472	0.00831101
2457444.89503100	0.99576300	0.00072800	0.09280672	0.00861309
2457444.89668000	0.99691100	0.00073100	0.09445572	0.00892188
2457444.89832700	0.99936500	0.00073400	0.09610272	0.00923573
2457444.89998500	0.99735600	0.00073300	0.09776072	0.00955716
2457444.90164100	1.00001600	0.00073500	0.09941672	0.00988368
2457444.90337600	0.99601000	0.00073300	0.10115172	0.01023167
2457444.90501400	0.99868400	0.00073500	0.10278972	0.01056573
2457444.90676300	0.99988700	0.00073900	0.10453872	0.01092834
2457444.90840100	0.99840600	0.00073800	0.10617672	0.01127350
2457444.90993500	0.99932100	0.00074000	0.10771072	0.01160160
2457444.91157000	0.99958800	0.00074400	0.10934572	0.01195649
2457444.91321100	0.99737800	0.00074400	0.11098672	0.01231805
2457444.91472600	0.99787300	0.00074900	0.11250172	0.01265664
2457444.91638200	0.99934400	0.00075100	0.11415772	0.01303199
2457444.91801900	1.00233000	0.00075900	0.11579472	0.01340842
2457444.91954500	0.99990500	0.00075800	0.11732072	0.01376415
2457444.92109700	1.00044400	0.00076000	0.11887272	0.01413072
2457444.92273100	0.99948600	0.00076100	0.12050672	0.01452187
2457444.92424700	1.00310500	0.00076400	0.12202272	0.01488954
2457444.92590100	1.00076200	0.00076700	0.12367672	0.01529593
2457444.92753800	1.00348700	0.00077200	0.12531372	0.01570353
2457444.92906200	0.99807100	0.00077000	0.12683772	0.01608781
2457444.93059700	0.99730900	0.00077200	0.12837272	0.01647956
2457444.93215100	1.00371800	0.00077800	0.12992672	0.01688095
2457444.93379100	0.99830700	0.00077600	0.13156672	0.01730980
2457444.93532500	0.99839900	0.00077700	0.13310072	0.01771580
2457444.93686100	1.00071100	0.00078500	0.13463672	0.01812705
2457444.93850200	1.00459800	0.00079100	0.13627772	0.01857162
2457444.94004400	1.00200800	0.00079200	0.13781972	0.01899428
2457444.94170000	0.99804400	0.00079600	0.13947572	0.01945348
2457444.94333900	0.99787500	0.00080100	0.14111472	0.01991336
2457444.94485400	1.00395300	0.00080900	0.14262972	0.02034324
2457444.94640700	1.00015000	0.00080800	0.14418272	0.02078866
2457444.94794200	0.99897200	0.00081600	0.14571772	0.02123365
2457444.94947700	1.00038600	0.00082000	0.14725272	0.02168336
2457444.95101200	0.99945400	0.00083100	0.14878772	0.02213779
