2457453.98947100 1.00533200 0.00283500 331.49252517 0.65854925 -0.13606395
2457453.99101300 1.00655100 0.00271200 235.28802617 1.09452425 -0.02265195
2457453.99255600 1.00076500 0.00260400 169.74776417 1.13933525 0.14112005
2457453.99410000 1.00964500 0.00256500 148.00862717 0.57898025 -0.24740495
2457453.99564100 1.00708000 0.00247400 164.07441417 0.26997725 0.00994505
2457453.99718400 1.00474500 0.00263400 -15.20739583 1.53140725 0.37352105
2457453.99872200 1.00282900 0.00245400 69.58031817 1.68015125 0.09579505
2457454.00026200 1.01012000 0.00239300 133.64476317 0.55094625 -0.07511995
2457454.00179700 1.01055200 0.00242300 98.64997417 0.95496325 0.21069005
2457454.00333200 0.99847900 0.00241000 60.86583817 1.63879125 -0.54575895
2457454.00746900 1.00385000 0.00234900 123.14529317 0.09795725 -0.01961995
2457454.00902300 1.00250000 0.00232900 126.10088217 0.11270825 -0.02990495
2457454.01053900 1.00762600 0.00233900 136.78656217 0.14960625 -0.07636495
2457454.01205600 1.00054200 0.00240500 43.22367017 -0.25879775 -0.19364395
2457454.01357300 0.99812500 0.00229600 123.39710117 0.04629625 -0.06576395
2457454.01508600 1.00412000 0.00240300 33.91374517 0.80785225 0.10634205
2457454.01660200 1.00049600 0.00228000 154.24614417 -0.30736675 -0.01702395
2457454.01814700 1.00035100 0.00229400 147.27206917 -0.23863175 -0.00055795
2457454.01969500 0.99511800 0.00228100 163.80449417 0.30200825 -0.10561395
2457454.02235000 0.99654800 0.00226800 152.79012917 -0.37825375 -0.16164495
2457454.02389600 0.99438600 0.00225200 146.94440717 -0.31560475 -0.02896495
2457454.02544200 0.99585400 0.00234000 66.00369617 0.05360425 -0.09326995
2457454.02695900 0.99519700 0.00223900 143.29702017 0.36045025 0.17166805
2457454.02849700 0.99764500 0.00225200 184.50332117 -0.51748175 -0.02493795
2457454.03004100 0.99693900 0.00222500 172.31371917 -0.16242375 0.00755005
2457454.03158500 0.99512800 0.00222800 155.64035417 0.19802225 -0.17984395
2457454.03309900 0.99408300 0.00227600 95.45239417 0.23435025 0.09204305
2457454.03461400 0.99876500 0.00229600 101.55056017 -0.37399675 -0.06225495
2457454.03617200 0.99653400 0.00227400 106.77488317 0.19810425 0.11976305
2457454.03900400 0.99207300 0.00226700 87.68723217 -0.05768675 -0.15682695
2457454.04055300 0.99371200 0.00218800 179.44644217 -0.25756675 -0.21154095
2457454.04209800 0.99808500 0.00219100 182.35070717 -0.39915175 -0.11394795
2457454.04365000 0.99315800 0.00218500 175.06995317 -0.20128075 -0.09667895
2457454.04516500 0.99675700 0.00218600 206.13378617 -0.89928775 -0.12077495
2457454.04670900 0.99877300 0.00218500 211.06919217 -0.42031575 0.05060205
2457454.04822200 0.99546700 0.00217100 196.72712817 0.01328025 -0.00834595
2457454.04977400 0.99733900 0.00216600 197.06608917 -0.33419675 -0.07194095
2457454.05129200 0.99801300 0.00215100 215.87577517 -0.48596475 0.24519905
2457454.05280700 0.99947600 0.00215200 207.27329817 -0.15909075 -0.02495395
2457454.05714200 0.99519700 0.00213800 204.17071617 -0.11480575 -0.14214195
2457454.05866700 0.99789100 0.00213700 202.51788417 0.12051825 0.17737705
2457454.06018500 0.99645100 0.00215100 177.29920317 0.58931425 0.40894505
2457454.06170700 0.99208100 0.00213500 215.05356317 -0.51557275 -0.02468495
2457454.06322600 0.99250600 0.00212400 203.17526917 -0.58183675 -0.05560195
2457454.06474800 0.99200900 0.00213400 189.37644317 0.54852125 -0.27528195
2457454.06626800 0.99227200 0.00213900 206.90344317 -0.32995275 -0.24280995
2457454.06779000 1.00191000 0.00213900 234.56575817 -0.57999875 0.01859005
2457454.06930900 0.99060500 0.00211500 188.79838717 0.28247425 -0.19721095
2457454.07194300 0.99546100 0.00220300 133.70129517 -0.49984375 -0.10380895
2457454.07348100 0.99801500 0.00211100 222.76041917 -0.19260575 -0.25818595
2457454.07503000 0.99778100 0.00210700 206.18057917 -0.35408475 0.11017605
2457454.07658000 0.99535100 0.00211700 206.96427617 0.29793425 0.30454505
2457454.07812300 0.99563500 0.00211000 231.01801517 -0.72155175 -0.02643095
2457454.07963700 0.99181000 0.00210300 214.61758117 -0.70197675 0.04661905
2457454.08115100 0.99086900 0.00210000 198.27656517 0.13204725 -0.25362195
2457454.08269900 0.99452100 0.00210600 204.05367517 -0.49746675 -0.19791295
2457454.08424400 0.99487400 0.00210100 222.31954517 -0.68136675 0.04861205
2457454.08578700 1.00048100 0.00211400 206.97786117 0.02378225 -0.03376995
2457454.08864000 0.99736100 0.00210900 202.22767417 -0.41918975 -0.05232995
2457454.09016500 0.99488900 0.00209200 197.03306917 -0.01018775 -0.35605595
2457454.09168700 0.99719200 0.00210800 188.80132817 -0.22535375 0.14248505
2457454.09320700 0.99599200 0.00210800 175.56177117 0.65394125 0.24824805
2457454.09472800 0.99579600 0.00209900 211.07120217 -0.89226075 -0.02990595
2457454.09624900 0.99775600 0.00210300 191.60618217 -0.46362575 -0.12612695
2457454.09777000 0.99683700 0.00212400 163.43267217 0.72777125 -0.33358295
2457454.09929200 0.99649100 0.00229700 -59.81194383 -0.08066375 -0.31774495
2457454.10087300 0.99281300 0.00208500 175.81107617 -0.27887975 0.19369005
2457454.10239600 0.99339500 0.00210100 161.81194717 0.44570625 0.25711605
2457454.10514600 0.98828500 0.00207500 164.66632117 -0.06717175 -0.19535395
2457454.10666500 0.99491000 0.00208200 171.25462217 -0.36293475 -0.05217595
2457454.10818300 0.99246800 0.00209800 171.90786817 0.17290525 0.34064205
2457454.10970200 0.99736500 0.00212500 151.05471517 0.57505225 0.55359405
2457454.11122100 0.99673400 0.00209300 176.43002117 -0.96196175 0.09142505
2457454.11274100 0.99826100 0.00208900 174.62959117 -0.76520875 0.21721505
2457454.11426000 0.99563700 0.00209600 147.51829217 0.20886225 -0.06351995
2457454.11577900 0.99456200 0.00217300 51.78499917 -0.51694375 -0.22201895
2457454.11729700 0.98985900 0.00208700 135.33632317 -0.69382175 0.03597705
2457454.11881300 0.99620700 0.00209800 152.22499517 0.01447325 0.23727205
2457454.12145100 0.99491500 0.00209900 153.54116317 -0.86710975 -0.07007395
2457454.12300100 0.99678700 0.00212500 98.78396317 -0.65087375 0.16734505
2457454.12455500 0.99573900 0.00209800 125.33100917 -0.22743275 0.16222405
2457454.12609500 0.99668700 0.00211700 113.03968217 0.22629325 0.30456505
2457454.12916200 0.99138200 0.00214600 46.85639017 -0.89002475 0.08747305
2457454.13070900 0.99513500 0.00209500 124.13422817 -0.40004775 0.18979805
2457454.13222400 0.99555100 0.00210000 111.37923717 -0.58237575 -0.04361195
2457454.13374200 1.00218500 0.00210900 121.70816817 -1.19412875 -0.13094495
2457454.13525900 0.99892100 0.00211400 117.15242417 -0.60302975 0.04824505
2457454.13807700 0.99905100 0.00211000 103.39141017 -0.52373875 -0.05789695
2457454.13960500 0.99851900 0.00211300 96.18140917 -0.59234075 -0.22130195
2457454.14113400 0.99909400 0.00212000 83.20435417 -0.44510475 -0.13112395
2457454.14571100 0.99815800 0.00212800 67.06644317 -0.92422875 0.19080305
2457454.14724100 1.00543900 0.00215900 61.31640317 0.23623525 0.42499605
2457454.14876400 1.00024000 0.00214900 47.65039417 -0.02087075 -0.24129195
2457454.15029100 0.99973800 0.00217100 18.11278917 -0.30946075 -0.18688395
2457454.15181500 1.00392900 0.00259800 -392.42153883 -0.36475175 0.15693505
2457454.15446900 1.00364900 0.00219700 -8.56244383 -0.17785775 -0.05764895
2457454.15601300 1.00044300 0.00216300 19.29826917 -1.33174975 -0.03878595
2457454.15756000 0.99840600 0.00218200 -20.17419183 -0.58042575 -0.03018295
2457454.15907500 1.00353600 0.00221300 -45.73390683 -0.20484575 0.38664805
2457454.16214700 1.00069700 0.00223400 -76.98681283 -1.21776575 -0.02682095
2457454.16368300 1.00422100 0.00238100 -208.84870883 -0.53259975 0.26284505
2457454.16524000 1.00008200 0.00231700 -204.73589083 -0.22139075 -0.06981495
2457454.16678800 0.99714200 0.00225100 -123.53469483 -1.06265575 -0.03522695
2457454.16833900 0.99483800 0.00230300 -170.28234683 -0.76396975 0.18620205
2457454.17102500 1.00584000 0.00228100 -132.16668783 -0.51726675 0.13265005
2457454.17254000 0.99479500 0.00222400 -114.44774583 -0.94272775 -0.00702295
2457454.17408500 0.99818500 0.00222300 -98.30034683 -0.50983675 -0.08086995
2457454.17562800 0.99818900 0.00245100 -330.11859683 0.03196225 -0.04858595
2457454.17717100 0.99741300 0.00226400 -168.37273283 -0.78548175 -0.03275195
2457454.17868800 1.00369200 0.00239900 -259.95237783 -0.71470375 0.25004105
2457454.18024400 1.00208000 0.00242500 -306.75908183 0.05149325 -0.27436095
2457454.18176000 0.99535500 0.00249400 -407.82381483 0.94774925 -0.06936395
2457454.18327700 0.99867000 0.00232900 -219.67167083 -0.00316475 -0.00456595
2457454.18482300 0.99326500 0.00255800 -460.28931283 0.54558125 0.50737305
2457454.18744800 0.99027100 0.00251200 -430.09464783 0.36953825 -0.31194895
2457454.18900200 0.99386100 0.00251200 -450.25686283 0.29166725 -0.24117795
2457454.19052100 1.00969400 0.00263300 -476.15694083 0.91024425 0.09992405
2457454.19206800 0.99715100 0.00260500 -502.66088383 1.14833125 -0.03230195
2457454.20353600 0.99715500 0.00242300 -347.56185583 0.60255025 0.24625005
2457454.20513400 0.99422100 0.00246100 -375.03649283 0.26396425 -0.04797195
2457454.20665800 0.99916700 0.00248100 -401.38770383 0.73980725 -0.34758795
2457454.20818600 0.99229800 0.00251800 -452.03411683 0.49944725 -0.07359995
2457454.20971200 1.01101400 0.00256200 -433.24332483 0.96772225 0.21545105
2457454.21124000 0.99391700 0.00249600 -451.21016683 -0.33604875 0.31565305
2457454.21276900 0.99672900 0.00253400 -461.52369183 0.43479825 0.09894405
2457454.21429600 1.00138700 0.00265000 -544.57681183 1.13445525 -0.21634095
2457454.21582400 0.99660000 0.00258800 -481.29872783 0.32053025 0.02740805
2457454.21735000 1.00094700 0.00260500 -481.26028883 0.53520525 0.38755505
2457454.22058400 0.98931200 0.00272000 -617.36767483 1.73379825 -0.20883695
2457454.22211800 0.99906400 0.00272700 -611.26533483 0.91469425 -0.01532295
2457454.22365500 0.99186700 0.00269700 -616.61334283 1.28689425 0.28630805
2457454.22673100 0.99717100 0.00286500 -721.67169983 1.09221525 -0.24341195
2457454.22980500 0.99784900 0.00284000 -696.83545983 1.05355925 0.34502005
2457454.23134400 0.99438400 0.00296400 -811.99691783 1.97046925 -0.48809295
