2457093.54562100 0.99993200 0.00140000 -0.19621834 -0.11788710
2457093.54794100 0.99937300 0.00171800 -0.20049634 -0.11556710
2457093.54908700 0.99999600 0.00171800 -0.20252334 -0.11442110
2457093.55029100 0.99937900 0.00170600 -0.20459134 -0.11321710
2457093.55149400 0.99928600 0.00170600 -0.20659734 -0.11201410
2457093.55266300 0.99976800 0.00170600 -0.20848734 -0.11084510
2457093.55380900 1.00258400 0.00171400 -0.21028434 -0.10969910
2457093.55497800 0.99887900 0.00170200 -0.21206234 -0.10853010
2457093.55614700 0.99967800 0.00170400 -0.21378234 -0.10736110
2457093.55730400 0.99754700 0.00170400 -0.21543134 -0.10620410
2457093.55849600 1.00020400 0.00170500 -0.21707234 -0.10501210
2457093.55966500 1.00109400 0.00169100 -0.21862534 -0.10384310
2457093.56084500 1.00096100 0.00170200 -0.22013834 -0.10266310
2457093.56201400 0.99906500 0.00169700 -0.22158134 -0.10149410
2457093.56317200 0.99845500 0.00168900 -0.22295634 -0.10033610
2457093.56432900 1.00040300 0.00168300 -0.22427834 -0.09917910
2457093.56549800 0.99802000 0.00168200 -0.22556134 -0.09801010
2457093.56666700 1.00089000 0.00168300 -0.22678934 -0.09684110
2457093.56782400 0.99971400 0.00169100 -0.22795434 -0.09568410
2457093.56898200 1.00205300 0.00168700 -0.22906634 -0.09452610
2457093.57016200 1.00038200 0.00168900 -0.23014834 -0.09334610
2457093.57133000 0.99819400 0.00168200 -0.23116634 -0.09217810
2457093.57248800 0.99878400 0.00167700 -0.23212334 -0.09102010
2457093.57364500 0.99772500 0.00168900 -0.23302934 -0.08986310
2457093.57480300 0.99992700 0.00168900 -0.23388434 -0.08870510
2457093.57598300 1.00031800 0.00169000 -0.23470434 -0.08752510
2457093.57727900 0.99521800 0.00167500 -0.23554434 -0.08622910
2457093.57846000 1.00087000 0.00168300 -0.23625434 -0.08504810
2457093.57960600 1.00099700 0.00168100 -0.23689434 -0.08390210
2457093.58076300 1.00274500 0.00168200 -0.23749034 -0.08274510
2457093.58193200 0.99670300 0.00168300 -0.23804234 -0.08157610
2457093.58310100 1.00081500 0.00168900 -0.23854334 -0.08040710
2457093.58427000 0.99849100 0.00167700 -0.23899434 -0.07923810
2457093.58543800 0.99962000 0.00168100 -0.23939434 -0.07807010
2457093.58659600 1.00084100 0.00168700 -0.23974034 -0.07691210
2457093.58775300 1.00171300 0.00168700 -0.24003834 -0.07575510
2457093.58892200 0.99711700 0.00166900 -0.24028834 -0.07458610
2457093.59006800 1.00204200 0.00168600 -0.24048434 -0.07344010
2457093.59123700 0.99903000 0.00167300 -0.24063534 -0.07227110
2457093.59240600 1.00123700 0.00167300 -0.24073534 -0.07110210
2457093.59357500 1.00078900 0.00167400 -0.24078634 -0.06993310
2457093.59473200 0.99994100 0.00167500 -0.24078634 -0.06877610
2457093.59590100 0.99996400 0.00167000 -0.24073734 -0.06760710
2457093.59705900 0.99931500 0.00167300 -0.24063934 -0.06644910
2457093.59821600 0.99842800 0.00166700 -0.24049234 -0.06529210
2457093.59939600 0.99919900 0.00166300 -0.24029134 -0.06411210
2457093.60056400 1.00448300 0.00167300 -0.24004134 -0.06294410
2457093.60172200 0.99992300 0.00166600 -0.23974534 -0.06178610
2457093.60289100 0.99807500 0.00166600 -0.23939634 -0.06061710
2457093.60406000 0.99943300 0.00167000 -0.23899634 -0.05944810
2457093.60520600 0.99945300 0.00165500 -0.23855534 -0.05830210
2457093.60637500 1.00020500 0.00165900 -0.23805534 -0.05713310
2457093.60753200 1.00029500 0.00165900 -0.23751034 -0.05597610
2457093.60870100 0.99972600 0.00165500 -0.23690934 -0.05480710
2457093.60985800 1.00103500 0.00166100 -0.23626434 -0.05365010
2457093.61101600 0.99985500 0.00166100 -0.23556934 -0.05249210
2457093.61216200 1.00098100 0.00166200 -0.23483134 -0.05134610
2457093.61331800 1.00122300 0.00165800 -0.23403634 -0.05019010
2457093.61448700 0.99738600 0.00165300 -0.23318234 -0.04902110
2457093.61565600 0.99760900 0.00165800 -0.23227534 -0.04785210
2457093.61681300 1.00151900 0.00166600 -0.23132734 -0.04669510
2457093.61799400 0.99910900 0.00166500 -0.23030734 -0.04551410
2457093.61914000 1.00003400 0.00166600 -0.22926634 -0.04436810
2457093.62032000 0.99816700 0.00166500 -0.22814034 -0.04318810
2457093.62148900 0.99954800 0.00166700 -0.22697334 -0.04201910
2457093.62265800 0.99974900 0.00166900 -0.22575234 -0.04085010
2457093.62380400 1.00114100 0.00167100 -0.22450434 -0.03970410
2457093.62498500 0.99519900 0.00165800 -0.22316434 -0.03852310
2457093.62613100 0.99878900 0.00166600 -0.22181134 -0.03737710
2457093.62730000 0.99866900 0.00166600 -0.22037634 -0.03620810
2457093.62845600 0.99999600 0.00166300 -0.21890334 -0.03505210
2457093.62963700 0.99927800 0.00166100 -0.21734434 -0.03387110
2457093.63080600 0.99601700 0.00165500 -0.21574534 -0.03270210
2457093.63196300 0.99600500 0.00165500 -0.21410734 -0.03154510
2457093.63313200 0.99463800 0.00166200 -0.21239734 -0.03037610
2457093.63431200 0.99280600 0.00165500 -0.21061334 -0.02919610
2457093.63548100 0.99502800 0.00165400 -0.20879034 -0.02802710
2457093.63663900 0.99179100 0.00165400 -0.20692834 -0.02686910
2457093.63780800 0.99115800 0.00165300 -0.20499034 -0.02570010
2457093.63897700 0.99358200 0.00165000 -0.20299534 -0.02453110
2457093.64014600 0.99130800 0.00166900 -0.20094034 -0.02336210
2457093.64133800 0.99040700 0.00165700 -0.19878534 -0.02217010
2457093.64250600 0.99384900 0.00167500 -0.19661134 -0.02100210
2457093.64366300 0.99039100 0.00166100 -0.19440034 -0.01984510
2457093.64482100 0.99279700 0.00168100 -0.19212934 -0.01868710
2457093.64599000 0.99174200 0.00168100 -0.18977534 -0.01751810
2457093.64715900 0.99110600 0.00167100 -0.18735934 -0.01634910
2457093.64832800 0.98860300 0.00167300 -0.18488134 -0.01518010
2457093.64948500 0.98600800 0.00165300 -0.18236634 -0.01402310
2457093.65064300 0.99169800 0.00167400 -0.17978934 -0.01286510
2457093.65182300 0.98802600 0.00168500 -0.17709634 -0.01168510
2457093.65298000 0.98859900 0.00166500 -0.17439234 -0.01052810
2457093.65416100 0.99106500 0.00167400 -0.17156734 -0.00934710
2457093.65533000 0.99018100 0.00166100 -0.16870434 -0.00817810
2457093.65649800 0.99172400 0.00167400 -0.16577534 -0.00701010
2457093.65766700 0.98771300 0.00165800 -0.16277834 -0.00584110
2457093.65883600 0.98793900 0.00165900 -0.15971334 -0.00467210
2457093.65998200 0.98722600 0.00166700 -0.15664234 -0.00352610
2457093.66112800 0.99478500 0.00166700 -0.15350434 -0.00238010
2457093.66229700 0.99151800 0.00166100 -0.15023234 -0.00121110
2457093.66344200 0.98912900 0.00168500 -0.14695734 -0.00006610
2457093.66460000 0.98934700 0.00169500 -0.14357834 0.00109190
2457093.66578000 0.99174000 0.00166700 -0.14005834 0.00227190
2457093.66694900 0.99171800 0.00167100 -0.13649834 0.00344090
2457093.66810700 0.98946500 0.00165900 -0.13290034 0.00459890
2457093.66927600 0.99109300 0.00169100 -0.12919034 0.00576790
2457093.67042100 0.99070300 0.00165900 -0.12547934 0.00691290
2457093.67159000 0.98772800 0.00164300 -0.12161734 0.00808190
2457093.67275900 0.99205400 0.00167500 -0.11767634 0.00925090
2457093.67392800 0.98823800 0.00165500 -0.11365534 0.01041990
2457093.67509700 0.99048300 0.00166300 -0.10955434 0.01158890
2457093.67626500 0.99121500 0.00166300 -0.10537034 0.01275690
2457093.67742300 0.99186400 0.00166900 -0.10114634 0.01391490
2457093.67860300 0.99387600 0.00171700 -0.09675234 0.01509490
2457093.67976100 0.99082400 0.00166300 -0.09236034 0.01625290
2457093.68093000 0.98971400 0.00165700 -0.08783834 0.01742190
2457093.68209900 0.98949700 0.00164200 -0.08322834 0.01859090
2457093.68324500 0.99289200 0.00166300 -0.07862234 0.01973690
2457093.68441300 0.99008600 0.00166900 -0.07383434 0.02090490
2457093.68554700 0.99233900 0.00164500 -0.06910034 0.02203890
2457093.68670400 0.99094600 0.00162700 -0.06417934 0.02319590
2457093.68785000 0.98934700 0.00161700 -0.05921634 0.02434190
2457093.68901900 0.99232500 0.00163000 -0.05405734 0.02551090
2457093.69020000 0.98898600 0.00163300 -0.04874734 0.02669190
2457093.69136900 0.99386500 0.00163500 -0.04339034 0.02786090
2457093.69253800 0.99076300 0.00162300 -0.03793234 0.02902990
2457093.69370700 0.99139700 0.00162500 -0.03237134 0.03019890
2457093.69487600 0.99253100 0.00162700 -0.02670634 0.03136790
2457093.69604500 0.99360700 0.00163300 -0.02093534 0.03253690
2457093.69721400 0.98913400 0.00162900 -0.01505634 0.03370590
2457093.69838200 0.99574500 0.00163000 -0.00906734 0.03487390
2457093.69955100 0.99226400 0.00161700 -0.00296634 0.03604290
2457093.70072000 0.98832500 0.00162500 0.00324766 0.03721190
2457093.70190000 0.99174200 0.00162200 0.00964066 0.03839190
2457093.70305700 0.99307300 0.00161900 0.01602566 0.03954890
2457093.70421500 0.99037000 0.00161800 0.02252766 0.04070690
2457093.70537200 0.98956100 0.00160700 0.02914966 0.04186390
2457093.70654100 0.98844300 0.00161300 0.03596066 0.04303290
2457093.70768700 0.99140700 0.00161800 0.04276066 0.04417890
2457093.70885600 0.98964000 0.00161500 0.04982566 0.04534790
2457093.71001300 0.99149100 0.00161700 0.05694966 0.04650490
2457093.71118200 0.99424800 0.00163100 0.06427866 0.04767390
2457093.71236200 0.98861500 0.00160800 0.07181866 0.04885390
2457093.71353100 0.99146500 0.00161500 0.07942466 0.05002290
2457093.71468800 0.99239600 0.00162900 0.08709566 0.05117990
2457093.71585700 0.99077400 0.00161500 0.09498766 0.05234890
2457093.71702600 0.99104400 0.00161700 0.10302766 0.05351790
2457093.71820700 0.98938700 0.00162100 0.11129966 0.05469890
2457093.71936400 0.99200900 0.00162300 0.11956166 0.05585590
2457093.72053300 0.98572900 0.00161100 0.12806366 0.05702490
2457093.72170200 0.98970300 0.00161700 0.13672566 0.05819390
2457093.72288300 0.98898900 0.00162600 0.14563966 0.05937490
2457093.72404000 0.99044800 0.00167300 0.15454466 0.06053190
2457093.72522100 0.99229600 0.00163500 0.16380066 0.06171290
2457093.72638900 0.99435500 0.00163100 0.17314166 0.06288090
2457093.72755800 0.99070100 0.00162900 0.18266166 0.06404990
2457093.72873800 0.99413500 0.00163300 0.19246066 0.06522990
2457093.72989600 0.98783200 0.00163300 0.20225266 0.06638790
2457093.73105300 0.99448200 0.00163900 0.21223266 0.06754490
2457093.73223400 0.99296300 0.00163800 0.22260866 0.06872590
2457093.73340300 0.99026000 0.00162700 0.23308466 0.06989490
2457093.73456000 0.98923200 0.00163900 0.24365766 0.07105190
2457093.73571800 0.99275500 0.00163300 0.25443666 0.07220990
2457093.73688600 0.99501600 0.00166300 0.26553666 0.07337790
2457093.73805500 0.99082300 0.00163700 0.27685666 0.07454690
2457093.73921300 0.99200900 0.00163900 0.28828566 0.07570490
2457093.74038100 0.98878200 0.00163900 0.30005766 0.07687290
2457093.74155000 0.98613700 0.00163500 0.31206666 0.07804190
2457093.74271900 0.99010900 0.00164900 0.32431766 0.07921090
2457093.74386500 0.99519600 0.00165800 0.33656666 0.08035690
2457093.74503400 0.99361700 0.00165400 0.34931466 0.08152590
2457093.74621400 0.99376200 0.00165900 0.36245366 0.08270590
2457093.74738300 0.99042200 0.00166200 0.37573366 0.08387490
2457093.74854100 0.99179600 0.00167500 0.38915266 0.08503290
2457093.74971000 0.99033100 0.00168500 0.40298566 0.08620190
2457093.75089000 0.99614600 0.00168200 0.41725066 0.08738190
2457093.75205900 0.99238600 0.00167500 0.43167466 0.08855090
2457093.75322800 0.99510300 0.00169400 0.44640366 0.08971990
2457093.75439600 0.99170800 0.00168700 0.46144766 0.09088790
2457093.75556500 0.99736300 0.00168300 0.47681366 0.09205690
2457093.75673400 0.99303100 0.00170500 0.49251266 0.09322590
2457093.75789100 0.99977300 0.00169400 0.50839166 0.09438290
2457093.75906000 0.99870500 0.00169500 0.52477966 0.09555190
2457093.76021800 0.99455100 0.00171400 0.54136166 0.09670990
2457093.76139800 0.99586000 0.00169300 0.55865066 0.09788990
2457093.76255600 1.00260200 0.00171800 0.57597966 0.09904790
2457093.76372500 0.99970900 0.00170800 0.59387466 0.10021690
2457093.76488200 0.99697200 0.00168700 0.61199266 0.10137390
2457093.76601600 1.00292800 0.00171000 0.63014766 0.10250790
2457093.76835300 0.99854800 0.00175300 0.66886266 0.10484490
2457093.76951100 1.00656400 0.00175200 0.68870066 0.10600290
2457093.77066800 1.00219100 0.00172900 0.70900366 0.10715990
2457093.77181400 0.99648000 0.00170200 0.72957566 0.10830590
2457093.77298300 1.00402700 0.00171300 0.75106166 0.10947490
2457093.77411700 0.99709300 0.00170800 0.77240866 0.11060890
2457093.77527500 1.00131600 0.00171800 0.79471266 0.11176690
2457093.77644400 1.00488500 0.00172800 0.81779366 0.11293590
2457093.77761300 0.99982900 0.00173300 0.84144866 0.11410490
2457093.77878200 1.00151900 0.00174000 0.86569966 0.11527390
2457093.77995100 0.99901700 0.00173600 0.89056666 0.11644290
2457093.78113100 1.00010900 0.00174900 0.91632666 0.11762290
