2458887.07797593 0.99612651 0.00057575 -0.99668407
2458887.07936480 1.00074256 0.00057582 -0.99529520
2458887.08075367 1.00831039 0.00057602 -0.99390633
2458887.08214253 1.00269837 0.00057544 -0.99251747
2458887.08353140 1.00128087 0.00057534 -0.99112860
2458887.08492027 0.99977796 0.00057580 -0.98973973
2458887.08630914 0.99970079 0.00057546 -0.98835086
2458887.08769801 0.99892030 0.00057562 -0.98696199
2458887.08908687 0.99611005 0.00057506 -0.98557313
2458887.09047574 1.00461576 0.00057662 -0.98418426
2458887.09186461 1.00179293 0.00057496 -0.98279539
2458887.09325348 1.00053299 0.00057421 -0.98140652
2458887.09464234 1.00526463 0.00057588 -0.98001766
2458887.09603121 1.00148674 0.00057562 -0.97862879
2458887.09742008 1.00265435 0.00057528 -0.97723992
2458887.09880895 0.99913905 0.00057456 -0.97585105
2458887.10019781 1.00227958 0.00057607 -0.97446219
2458887.10158668 1.00128767 0.00057522 -0.97307332
2458887.10297555 0.99967115 0.00057604 -0.97168445
2458887.10436442 0.99969381 0.00057468 -0.97029558
2458887.10575328 0.99716798 0.00057505 -0.96890672
2458887.10714215 0.99996899 0.00057506 -0.96751785
2458887.10853102 0.99884664 0.00057547 -0.96612898
2458887.10991989 0.99786063 0.00057505 -0.96474011
2458887.11130875 0.99788973 0.00057519 -0.96335125
2458887.11269762 1.00161139 0.00057574 -0.96196238
2458887.11408649 1.00072873 0.00057502 -0.96057351
2458887.11547536 1.00070714 0.00057448 -0.95918464
2458887.11686423 0.99630727 0.00057426 -0.95779577
2458887.11825309 1.00362766 0.00057576 -0.95640691
2458887.11964196 0.99870601 0.00057557 -0.95501804
2458887.12103083 1.00314220 0.00057504 -0.95362917
2458887.12241970 0.99967443 0.00057495 -0.95224030
2458887.12380856 1.00329118 0.00057439 -0.95085144
2458887.12519743 1.00572099 0.00057502 -0.94946257
2458887.12658630 0.99963924 0.00057506 -0.94807370
2458887.12797517 1.00062019 0.00057489 -0.94668483
2458887.12936403 1.00294253 0.00057516 -0.94529597
2458887.13075290 1.00226300 0.00057552 -0.94390710
2458887.13214177 0.99851123 0.00057440 -0.94251823
2458887.13491950 1.00386622 0.00057490 -0.93974050
2458887.13630837 1.00115419 0.00057563 -0.93835163
2458887.13769724 1.00103802 0.00057533 -0.93696276
2458887.13908611 0.99791365 0.00057474 -0.93557389
2458887.14047497 1.00145191 0.00057448 -0.93418503
2458887.14325271 0.99782365 0.00057457 -0.93140729
2458887.14464158 1.00349789 0.00057508 -0.93001842
2458887.14603044 0.99890753 0.00057449 -0.92862956
2458887.14741931 1.00081461 0.00057492 -0.92724069
2458887.14880818 1.00207442 0.00057394 -0.92585182
2458887.15019705 1.00547551 0.00057555 -0.92446295
2458887.15158591 1.00000000 0.00057500 -0.92307409
2458887.15297478 0.99764432 0.00057515 -0.92168522
2458887.15436365 1.00183312 0.00057537 -0.92029635
2458887.15575252 0.99570593 0.00057480 -0.91890748
2458887.15714138 1.00404656 0.00057422 -0.91751862
2458887.15853025 0.99980910 0.00057540 -0.91612975
2458887.15991912 0.99927103 0.00057564 -0.91474088
2458887.16130799 1.00568389 0.00057529 -0.91335201
2458887.16269685 1.00022406 0.00057611 -0.91196315
2458887.16408572 1.00119367 0.00057562 -0.91057428
2458887.16686346 1.00305990 0.00057573 -0.90779654
2458887.16825232 0.99634819 0.00057518 -0.90640768
2458887.16964119 0.99795098 0.00057551 -0.90501881
2458887.17103006 1.00029241 0.00057490 -0.90362994
2458887.17241893 1.00198592 0.00057580 -0.90224107
2458887.17380779 1.00116839 0.00057459 -0.90085221
2458887.17519666 1.00005529 0.00057495 -0.89946334
2458887.17658553 0.99646269 0.00057437 -0.89807447
2458887.17797440 1.00972050 0.00057548 -0.89668560
2458887.17936326 1.00400028 0.00057481 -0.89529674
2458887.18075213 0.99549189 0.00057537 -0.89390787
2458887.18214100 1.00134969 0.00057521 -0.89251900
2458887.18352987 0.99696873 0.00057488 -0.89113013
2458887.18491873 1.00016466 0.00057436 -0.88974127
2458887.18630760 1.00075366 0.00057537 -0.88835240
2458887.18769647 1.00480136 0.00057468 -0.88696353
2458887.18908534 0.99775388 0.00057533 -0.88557466
2458887.19047420 0.99951979 0.00057441 -0.88418580
2458887.19186307 1.00201037 0.00057571 -0.88279693
2458887.19325194 0.99934254 0.00057525 -0.88140806
2458887.19464081 1.00068543 0.00057473 -0.88001919
2458887.19602967 1.00106044 0.00057541 -0.87863033
2458887.19741854 0.99926119 0.00057456 -0.87724146
2458887.19880741 1.00098983 0.00057457 -0.87585259
2458887.20019628 1.00202063 0.00057594 -0.87446372
2458887.20158514 1.00451759 0.00057484 -0.87307486
2458887.20297401 1.00145346 0.00057484 -0.87168599
2458887.20436288 1.00044503 0.00057537 -0.87029712
2458887.20575174 0.99861805 0.00057545 -0.86890826
2458887.20714061 0.99769000 0.00057475 -0.86751939
2458887.20852948 1.00423383 0.00057475 -0.86613052
2458887.20991835 1.00254951 0.00057488 -0.86474165
2458887.21269608 0.99889376 0.00057493 -0.86196392
2458887.21408495 0.99971409 0.00057433 -0.86057505
2458887.21547382 1.00413686 0.00057416 -0.85918618
2458887.21686268 1.00154650 0.00057471 -0.85779732
2458887.21825155 1.00101070 0.00057511 -0.85640845
2458887.21964042 0.99794621 0.00057515 -0.85501958
2458887.22102929 0.99944601 0.00057465 -0.85363071
2458887.22241815 0.99990279 0.00057519 -0.85224185
2458887.22380702 0.99816133 0.00057478 -0.85085298
2458887.22519589 1.00115121 0.00057505 -0.84946411
2458887.22658475 1.00030416 0.00057466 -0.84807525
2458887.22797362 0.99723150 0.00057500 -0.84668638
2458887.22936249 0.99906259 0.00057525 -0.84529751
2458887.23075136 1.00040125 0.00057427 -0.84390864
2458887.23214022 0.99926018 0.00057537 -0.84251978
2458887.23352909 1.00307910 0.00057544 -0.84113091
2458887.23491796 1.00662559 0.00057552 -0.83974204
2458887.23630683 0.99959726 0.00057425 -0.83835317
2458887.23769569 0.99894296 0.00057491 -0.83696431
2458887.23908456 0.99647880 0.00057494 -0.83557544
2458887.24047343 1.00376459 0.00057630 -0.83418657
2458887.24325116 1.00181475 0.00057590 -0.83140884
2458887.24464003 1.00019496 0.00057497 -0.83001997
2458887.24602890 1.00079016 0.00057524 -0.82863110
2458887.24741776 1.00066778 0.00057578 -0.82724224
2458887.24880663 1.00018136 0.00057434 -0.82585337
2458887.25019550 0.99955002 0.00057519 -0.82446450
2458887.25158437 1.00069342 0.00057448 -0.82307563
2458887.25297323 1.00163536 0.00057522 -0.82168677
2458887.25436210 1.00214623 0.00057547 -0.82029790
2458887.25575097 1.00205116 0.00057499 -0.81890903
2458887.25713984 0.99808881 0.00057543 -0.81752016
2458887.25852870 1.00121192 0.00057463 -0.81613130
2458887.25991757 0.99672296 0.00057428 -0.81474243
2458887.26130644 1.00159373 0.00057483 -0.81335356
2458887.26269530 1.00264731 0.00057453 -0.81196470
2458887.26408417 0.99858870 0.00057492 -0.81057583
2458887.26686191 1.00248844 0.00057468 -0.80779809
2458887.26825077 0.99908156 0.00057496 -0.80640923
2458887.26963964 1.00013317 0.00057483 -0.80502036
2458887.27102851 0.99733116 0.00057474 -0.80363149
2458887.27241738 1.00654699 0.00057536 -0.80224262
2458887.27380624 0.99848213 0.00057493 -0.80085376
2458887.27519511 1.00137068 0.00057425 -0.79946489
2458887.27658398 1.00242951 0.00057519 -0.79807602
2458887.27797284 0.99859956 0.00057436 -0.79668716
2458887.27936171 1.00200047 0.00057543 -0.79529829
2458887.28075058 0.99955623 0.00057472 -0.79390942
2458887.28213945 1.00104004 0.00057459 -0.79252055
2458887.28352831 1.00176263 0.00057447 -0.79113169
2458887.28491718 1.00085636 0.00057449 -0.78974282
2458887.28630605 0.99958903 0.00057430 -0.78835395
2458887.28769491 1.00149879 0.00057485 -0.78696509
2458887.28908378 1.00107356 0.00057484 -0.78557622
2458887.29047265 0.99895990 0.00057475 -0.78418735
2458887.29186152 0.99949486 0.00057420 -0.78279848
2458887.29325038 1.00359355 0.00057507 -0.78140962
2458887.29463925 1.00196636 0.00057440 -0.78002075
2458887.29602812 1.00226229 0.00057496 -0.77863188
2458887.29741698 0.99719583 0.00057449 -0.77724302
2458887.29880585 0.99815137 0.00057521 -0.77585415
2458887.30019472 0.99939460 0.00057440 -0.77446528
2458887.30158359 0.99940963 0.00057469 -0.77307641
2458887.30297245 1.00147505 0.00057460 -0.77168755
2458887.30436132 0.99984482 0.00057441 -0.77029868
2458887.30575019 1.00389401 0.00057476 -0.76890981
2458887.30713905 0.99687575 0.00057487 -0.76752095
2458887.30852792 0.99766173 0.00057495 -0.76613208
2458887.30991679 0.99901781 0.00057452 -0.76474321
2458887.31130566 1.00207156 0.00057626 -0.76335434
2458887.31269452 0.99890831 0.00057456 -0.76196548
2458887.31408339 1.00392967 0.00057482 -0.76057661
2458887.31547226 1.00307159 0.00057463 -0.75918774
2458887.31686112 1.00117674 0.00057535 -0.75779888
2458887.31824999 1.00720123 0.00057463 -0.75641001
2458887.31963886 1.00049948 0.00057533 -0.75502114
2458887.32102773 0.99903003 0.00057498 -0.75363227
2458887.32241659 0.99529759 0.00057400 -0.75224341
2458887.32380546 1.00390188 0.00057610 -0.75085454
2458887.32658319 0.99634180 0.00057471 -0.74807681
2458887.32797206 1.00128218 0.00057484 -0.74668794
2458887.32936093 1.00205176 0.00057455 -0.74529907
2458887.33074980 0.99902425 0.00057516 -0.74391020
2458887.33213866 1.00140456 0.00057477 -0.74252134
2458887.33352753 1.00009023 0.00057496 -0.74113247
2458887.33491640 1.00020987 0.00057420 -0.73974360
2458887.33630526 1.00402235 0.00057500 -0.73835474
2458887.33769413 0.99629624 0.00057510 -0.73696587
2458887.33908300 0.99849853 0.00057393 -0.73557700
2458887.34047186 0.99975202 0.00057518 -0.73418814
2458887.34186073 1.00243106 0.00057476 -0.73279927
2458887.34324960 0.99867500 0.00057481 -0.73141040
2458887.34463847 1.00221624 0.00057484 -0.73002153
2458887.34602733 0.99751693 0.00057495 -0.72863267
2458887.34741620 1.00193964 0.00057496 -0.72724380
2458887.34880507 0.99713119 0.00057472 -0.72585493
2458887.35019393 0.99744089 0.00057438 -0.72446607
2458887.35158280 0.99890676 0.00057466 -0.72307720
2458887.35297167 1.00216305 0.00057456 -0.72168833
2458887.35436054 1.00303067 0.00057412 -0.72029946
2458887.35574940 1.00007175 0.00057513 -0.71891060
2458887.35713827 0.99990392 0.00057490 -0.71752173
2458887.35852714 0.99881145 0.00057415 -0.71613286
2458887.35991600 1.00252219 0.00057435 -0.71474400
2458887.36130487 1.00260950 0.00057502 -0.71335513
2458887.36269374 0.99540249 0.00057389 -0.71196626
2458887.36408260 1.00285021 0.00057452 -0.71057740
2458887.36547147 0.99590083 0.00057457 -0.70918853
2458887.36686034 0.99988824 0.00057479 -0.70779966
2458887.36824921 0.99932065 0.00057506 -0.70641079
2458887.36963807 1.00095393 0.00057420 -0.70502193
2458887.37102694 0.99926077 0.00057368 -0.70363306
2458887.37241581 0.99435493 0.00057431 -0.70224419
2458887.37380467 0.99957167 0.00057498 -0.70085533
2458887.37519354 0.99975787 0.00057443 -0.69946646
2458887.37658241 1.00302340 0.00057474 -0.69807759
2458887.37797127 1.00184863 0.00057502 -0.69668873
2458887.37936014 0.99530898 0.00057430 -0.69529986
2458887.38074901 1.00134730 0.00057462 -0.69391099
2458887.38213788 1.00086566 0.00057509 -0.69252212
2458887.38352674 0.99901053 0.00057458 -0.69113326
2458887.38491561 0.99579462 0.00057361 -0.68974439
2458887.38630448 1.00008922 0.00057535 -0.68835552
2458887.38769334 0.99954901 0.00057441 -0.68696666
2458887.38908221 1.00666722 0.00057581 -0.68557779
2458887.39047108 1.00262012 0.00057367 -0.68418892
2458887.39185994 1.00858247 0.00057409 -0.68280006
2458887.39324881 1.00203172 0.00057523 -0.68141119
2458887.39602654 1.00247937 0.00057394 -0.67863346
2458887.39880428 1.00625321 0.00057467 -0.67585572
2458887.40019315 0.99587769 0.00057513 -0.67446685
2458887.40158201 1.00569606 0.00057428 -0.67307799
2458887.40297088 1.00209601 0.00057448 -0.67168912
2458887.40435975 1.00247472 0.00057422 -0.67030025
2458887.40574861 1.00315878 0.00057456 -0.66891139
2458887.40713748 1.00417133 0.00057465 -0.66752252
2458887.41130408 0.99860654 0.00057459 -0.66335592
2458887.41269295 1.00471381 0.00057436 -0.66196705
2458887.41408181 0.99957621 0.00057485 -0.66057819
2458887.41547068 0.99924080 0.00057519 -0.65918932
2458887.41685955 1.00129411 0.00057363 -0.65780045
2458887.41824841 1.00113606 0.00057506 -0.65641158
2458887.41963728 1.00086864 0.00057429 -0.65502272
2458887.42102615 1.00218356 0.00057486 -0.65363385
2458887.42241502 1.00187475 0.00057544 -0.65224498
2458887.42380388 0.99854564 0.00057340 -0.65085612
2458887.42519275 0.99976633 0.00057477 -0.64946725
2458887.42658162 1.00126417 0.00057484 -0.64807838
2458887.42797048 0.99540565 0.00057381 -0.64668952
2458887.42935935 0.99989253 0.00057388 -0.64530065
2458887.43074822 1.00432424 0.00057528 -0.64391178
2458887.43213708 0.99698292 0.00057377 -0.64252292
2458887.43352595 0.99623159 0.00057402 -0.64113405
2458887.43491482 1.00399253 0.00057506 -0.63974518
2458887.43630368 1.00140909 0.00057444 -0.63835632
2458887.43769255 1.00121634 0.00057535 -0.63696745
2458887.43908142 0.99884485 0.00057349 -0.63557858
2458887.44047028 0.99711294 0.00057467 -0.63418972
2458887.44185915 0.99975649 0.00057395 -0.63280085
2458887.44324802 1.00126250 0.00057517 -0.63141198
2458887.44463688 0.99847605 0.00057440 -0.63002312
2458887.44602575 0.99974278 0.00057416 -0.62863425
2458887.44741462 0.99850175 0.00057359 -0.62724538
2458887.44880349 1.00106819 0.00057438 -0.62585651
2458887.45019235 1.00153731 0.00057470 -0.62446765
2458887.45158122 0.99717609 0.00057474 -0.62307878
2458887.45297009 1.00098720 0.00057512 -0.62168991
2458887.45435895 1.00035002 0.00057368 -0.62030105
2458887.45574782 1.00102847 0.00057406 -0.61891218
2458887.45713669 1.00127443 0.00057419 -0.61752331
2458887.45852555 1.00353152 0.00057453 -0.61613445
2458887.45991442 0.99687814 0.00057492 -0.61474558
2458887.46130329 1.00124317 0.00057368 -0.61335671
2458887.46269215 1.00203590 0.00057505 -0.61196785
2458887.46408102 0.99749379 0.00057501 -0.61057898
2458887.46546989 1.00857829 0.00057462 -0.60919011
2458887.46685875 1.00145668 0.00057452 -0.60780125
2458887.46824762 1.00237226 0.00057488 -0.60641238
2458887.46963649 0.99707966 0.00057463 -0.60502351
2458887.47102535 1.00385190 0.00057492 -0.60363465
2458887.47241422 0.99483073 0.00057448 -0.60224578
2458887.47380309 1.00350445 0.00057467 -0.60085691
2458887.47519195 1.00240017 0.00057385 -0.59946805
2458887.47658082 0.99972811 0.00057466 -0.59807918
2458887.47796969 1.00407137 0.00057396 -0.59669031
2458887.47935855 1.00132882 0.00057498 -0.59530145
2458887.48074742 1.00202540 0.00057451 -0.59391258
2458887.48213629 1.00151429 0.00057413 -0.59252371
2458887.48352515 1.00052226 0.00057494 -0.59113485
2458887.48491402 0.99836213 0.00057381 -0.58974598
2458887.48630289 0.99840591 0.00057488 -0.58835711
2458887.48769175 1.00164610 0.00057456 -0.58696825
2458887.48908062 0.99907941 0.00057410 -0.58557938
2458887.49046949 0.99644420 0.00057343 -0.58419051
2458887.49185835 1.00184147 0.00057436 -0.58280165
2458887.49463609 0.99888362 0.00057391 -0.58002391
2458887.49602495 1.00146241 0.00057553 -0.57863505
2458887.49741382 1.00207502 0.00057374 -0.57724618
2458887.49880269 0.99764187 0.00057412 -0.57585731
2458887.50019155 1.00052190 0.00057474 -0.57446845
2458887.50158042 1.00397905 0.00057459 -0.57307958
2458887.50296929 1.00009876 0.00057392 -0.57169071
2458887.50435815 1.00136090 0.00057438 -0.57030185
2458887.50574702 0.99660040 0.00057418 -0.56891298
2458887.50713589 1.00116576 0.00057418 -0.56752411
2458887.50852475 0.99668157 0.00057380 -0.56613525
2458887.51130249 1.00343920 0.00057421 -0.56335751
2458887.51408022 0.99730265 0.00057355 -0.56057978
2458887.51685795 0.99954573 0.00057414 -0.55780205
2458887.51824682 1.00090693 0.00057422 -0.55641318
2458887.51963569 1.00003757 0.00057441 -0.55502431
2458887.52102455 1.00207907 0.00057430 -0.55363545
2458887.52241342 0.99855262 0.00057427 -0.55224658
2458887.52380229 1.00141875 0.00057467 -0.55085771
2458887.52519115 1.00109861 0.00057421 -0.54946885
2458887.52658002 1.00150201 0.00057350 -0.54807998
2458887.52796889 1.00062162 0.00057474 -0.54669111
2458887.52935775 0.99994561 0.00057388 -0.54530225
2458887.53074662 0.99907512 0.00057430 -0.54391338
2458887.53213549 0.99914615 0.00057403 -0.54252451
2458887.53352435 1.00307779 0.00057395 -0.54113565
2458887.53491322 1.00025317 0.00057428 -0.53974678
2458887.53630209 1.00169500 0.00057444 -0.53835791
2458887.53769095 1.00064500 0.00057497 -0.53696905
2458887.53907982 1.00037072 0.00057386 -0.53558018
2458887.54046869 1.00714445 0.00057471 -0.53419131
2458887.54185755 0.99822729 0.00057408 -0.53280245
2458887.54324642 1.00269025 0.00057435 -0.53141358
2458887.54463529 1.00036302 0.00057533 -0.53002471
2458887.54602415 0.99825639 0.00057464 -0.52863585
2458887.54880189 1.00426508 0.00057491 -0.52585811
2458887.55019075 0.99813348 0.00057378 -0.52446925
2458887.55157962 1.00452475 0.00057441 -0.52308038
2458887.55296849 0.99752999 0.00057422 -0.52169151
2458887.55435735 1.00032175 0.00057407 -0.52030265
2458887.55574622 1.00216352 0.00057432 -0.51891378
2458887.55713509 1.00235079 0.00057452 -0.51752491
2458887.55852395 1.00048379 0.00057417 -0.51613605
2458887.55991282 1.00244049 0.00057406 -0.51474718
2458887.56130168 1.00093687 0.00057471 -0.51335831
2458887.56269055 1.00259793 0.00057453 -0.51196945
2458887.56407942 1.00004622 0.00057375 -0.51058058
2458887.56546828 1.00244645 0.00057517 -0.50919172
2458887.56685715 1.00001950 0.00057456 -0.50780285
2458887.56824602 0.99892775 0.00057388 -0.50641398
2458887.56963488 1.00860024 0.00057454 -0.50502512
2458887.57102375 0.99773229 0.00057344 -0.50363625
2458887.57241262 1.00233111 0.00057493 -0.50224738
2458887.57380148 1.00364496 0.00057334 -0.50085852
2458887.57519035 0.99926400 0.00057482 -0.49946965
2458887.57657922 1.00437625 0.00057396 -0.49808078
2458887.57796808 1.00098398 0.00057424 -0.49669192
2458887.57935695 1.00311405 0.00057408 -0.49530305
2458887.58074582 1.00230356 0.00057390 -0.49391418
2458887.58213468 1.00378034 0.00057464 -0.49252532
2458887.58352355 1.00449028 0.00057439 -0.49113645
2458887.58491242 0.99789975 0.00057487 -0.48974758
2458887.58630128 1.00388876 0.00057421 -0.48835872
2458887.58769015 0.99848326 0.00057352 -0.48696985
2458887.58907901 1.00267415 0.00057353 -0.48558099
2458887.59046788 1.00111054 0.00057350 -0.48419212
2458887.59324561 1.00683731 0.00057503 -0.48141439
2458887.59463448 1.00272329 0.00057438 -0.48002552
2458887.59602335 0.99888511 0.00057423 -0.47863665
2458887.59741221 0.99984548 0.00057411 -0.47724779
2458887.59880108 0.99866272 0.00057430 -0.47585892
2458887.60018995 1.00343407 0.00057352 -0.47447005
2458887.60157881 1.00189622 0.00057369 -0.47308119
2458887.60296768 0.99969065 0.00057402 -0.47169232
2458887.60435655 0.99785073 0.00057476 -0.47030345
2458887.60574541 1.00262501 0.00057357 -0.46891459
2458887.60713428 0.99824035 0.00057411 -0.46752572
2458887.60852315 1.00391226 0.00057423 -0.46613685
2458887.60991201 1.00303533 0.00057412 -0.46474799
2458887.61130088 0.99927676 0.00057465 -0.46335912
2458887.61268974 1.00068841 0.00057492 -0.46197026
2458887.61407861 1.00527608 0.00057442 -0.46058139
2458887.61546748 0.99875110 0.00057386 -0.45919252
2458887.61685634 1.00044312 0.00057486 -0.45780366
2458887.61824521 0.99855853 0.00057460 -0.45641479
2458887.61963408 1.00263264 0.00057446 -0.45502592
2458887.62380067 1.00034567 0.00057411 -0.45085933
2458887.62518954 1.00194477 0.00057474 -0.44947046
2458887.62796727 1.00085349 0.00057463 -0.44669273
2458887.62935614 0.99793261 0.00057347 -0.44530386
2458887.63074501 0.99853270 0.00057454 -0.44391499
2458887.63213387 1.00170061 0.00057432 -0.44252613
2458887.63352274 1.00183622 0.00057321 -0.44113726
2458887.63491161 1.00259960 0.00057485 -0.43974839
2458887.63630047 1.00056681 0.00057422 -0.43835953
2458887.63768934 1.00270505 0.00057467 -0.43697066
2458887.63907821 0.99913028 0.00057372 -0.43558179
2458887.64046707 0.99961557 0.00057386 -0.43419293
2458887.64185594 1.00660317 0.00057434 -0.43280406
2458887.64324480 1.00432162 0.00057340 -0.43141520
2458887.64463367 1.00054582 0.00057443 -0.43002633
2458887.64602254 1.00271208 0.00057390 -0.42863746
2458887.64741140 0.99979759 0.00057412 -0.42724860
2458887.64880027 0.99692078 0.00057383 -0.42585973
2458887.65018914 1.00040871 0.00057343 -0.42447086
2458887.65157800 1.00320232 0.00057488 -0.42308200
2458887.65296687 1.00188501 0.00057383 -0.42169313
2458887.65435574 1.00260986 0.00057487 -0.42030426
2458887.65574460 0.99962392 0.00057337 -0.41891540
2458887.65713347 1.00081413 0.00057352 -0.41752653
2458887.65852233 1.00215708 0.00057440 -0.41613767
2458887.65991120 0.99909498 0.00057401 -0.41474880
2458887.66130007 1.00212547 0.00057286 -0.41335993
2458887.66268893 1.00243178 0.00057511 -0.41197107
2458887.66407780 1.00132071 0.00057398 -0.41058220
2458887.66546667 1.00123316 0.00057385 -0.40919333
2458887.66685553 1.00117960 0.00057439 -0.40780447
2458887.66824440 0.99932077 0.00057381 -0.40641560
2458887.66963326 0.99870035 0.00057387 -0.40502674
2458887.67102213 0.99813139 0.00057445 -0.40363787
2458887.67241100 1.00411455 0.00057374 -0.40224900
2458887.67379986 1.00858938 0.00057379 -0.40086014
2458887.67518873 0.99857135 0.00057386 -0.39947127
2458887.67796646 1.00138631 0.00057427 -0.39669354
2458887.67935533 1.00356194 0.00057400 -0.39530467
2458887.68074419 0.99673989 0.00057357 -0.39391581
2458887.68213306 1.00287347 0.00057411 -0.39252694
2458887.68352193 1.00118079 0.00057411 -0.39113807
2458887.68629966 1.00011266 0.00057418 -0.38836034
2458887.68768853 1.00508202 0.00057439 -0.38697147
2458887.68907739 1.00497001 0.00057315 -0.38558261
2458887.69046626 1.00154841 0.00057516 -0.38419374
2458887.69185512 1.00286500 0.00057326 -0.38280488
2458887.69324399 0.99772793 0.00057367 -0.38141601
2458887.69463286 1.00088117 0.00057416 -0.38002714
2458887.69602172 1.00214098 0.00057452 -0.37863828
2458887.69741059 0.99981118 0.00057428 -0.37724941
2458887.69879945 0.99827870 0.00057380 -0.37586055
2458887.70018832 1.00675763 0.00057480 -0.37447168
2458887.70157719 0.99988621 0.00057380 -0.37308281
2458887.70296605 0.99812262 0.00057500 -0.37169395
2458887.70435492 1.00228376 0.00057403 -0.37030508
2458887.70574379 0.99832921 0.00057351 -0.36891621
2458887.70713265 1.00254617 0.00057443 -0.36752735
2458887.70852152 0.99900737 0.00057361 -0.36613848
2458887.70991038 1.00026832 0.00057467 -0.36474962
2458887.71129925 1.00124341 0.00057420 -0.36336075
2458887.71407698 0.99829289 0.00057392 -0.36058302
2458887.71546585 1.00523314 0.00057359 -0.35919415
2458887.71685472 0.99839541 0.00057411 -0.35780528
2458887.71824358 0.99984345 0.00057399 -0.35641642
2458887.71963245 1.00013699 0.00057391 -0.35502755
2458887.72102131 0.99861107 0.00057411 -0.35363869
2458887.72241018 1.00096120 0.00057342 -0.35224982
2458887.72379905 0.99754228 0.00057296 -0.35086095
2458887.72518791 1.00270015 0.00057459 -0.34947209
2458887.72657678 0.99691875 0.00057397 -0.34808322
2458887.72935451 0.99993279 0.00057331 -0.34530549
2458887.73074338 0.99998420 0.00057417 -0.34391662
2458887.73213224 0.99900284 0.00057396 -0.34252776
2458887.73352111 1.00132691 0.00057417 -0.34113889
2458887.73490997 0.99833971 0.00057395 -0.33975002
2458887.73629884 1.00148268 0.00057433 -0.33836116
2458887.73768771 0.99806794 0.00057381 -0.33697229
2458887.73907657 0.99746773 0.00057391 -0.33558343
2458887.74046544 1.00028996 0.00057367 -0.33419456
2458887.74185431 1.00085087 0.00057364 -0.33280569
2458887.74324317 1.00127443 0.00057448 -0.33141683
2458887.74463204 1.00093914 0.00057406 -0.33002796
2458887.74602090 0.99969089 0.00057433 -0.32863910
2458887.74740977 1.00037125 0.00057379 -0.32725023
2458887.74879864 0.99708699 0.00057367 -0.32586136
2458887.75018750 1.00643856 0.00057290 -0.32447250
2458887.75157637 1.00236653 0.00057459 -0.32308363
2458887.75296523 0.99986104 0.00057333 -0.32169477
2458887.75435410 1.00069712 0.00057371 -0.32030590
2458887.75574297 0.99887270 0.00057389 -0.31891703
2458887.75713183 0.99756065 0.00057305 -0.31752817
2458887.75852070 0.99710447 0.00057389 -0.31613930
2458887.75990956 0.99746648 0.00057387 -0.31475044
2458887.76129843 0.99935912 0.00057354 -0.31336157
2458887.76268730 0.99903802 0.00057441 -0.31197270
2458887.76407616 0.99966483 0.00057428 -0.31058384
2458887.76546503 0.99813998 0.00057363 -0.30919497
2458887.76685389 0.99936133 0.00057421 -0.30780611
2458887.76824276 1.00495654 0.00057401 -0.30641724
2458887.76963163 0.99737785 0.00057474 -0.30502837
2458887.77102049 0.99959887 0.00057345 -0.30363951
2458887.77240936 1.00273391 0.00057448 -0.30225064
2458887.77379822 0.99901727 0.00057473 -0.30086177
2458887.77518709 1.00084192 0.00057345 -0.29947291
2458887.77657596 0.99986480 0.00057391 -0.29808404
2458887.77796482 1.01003134 0.00057439 -0.29669518
2458887.77935369 1.00024064 0.00057322 -0.29530631
2458887.78074255 1.00271697 0.00057428 -0.29391745
2458887.78213142 1.00005636 0.00057368 -0.29252858
2458887.78352029 1.00029617 0.00057390 -0.29113971
2458887.78490915 1.00105483 0.00057449 -0.28975085
2458887.78629802 0.99959129 0.00057264 -0.28836198
2458887.78768688 1.00165456 0.00057428 -0.28697312
2458887.78907575 1.00021732 0.00057471 -0.28558425
2458887.79046462 1.00262620 0.00057364 -0.28419538
2458887.79185348 1.00022180 0.00057324 -0.28280652
2458887.79324235 1.00304236 0.00057465 -0.28141765
2458887.79463121 1.00087055 0.00057397 -0.28002879
2458887.79602008 0.99877490 0.00057423 -0.27863992
2458887.79740895 1.00238502 0.00057399 -0.27725105
2458887.79879781 1.00072634 0.00057340 -0.27586219
2458887.80018668 0.99939675 0.00057344 -0.27447332
2458887.80157554 1.00201777 0.00057463 -0.27308446
2458887.80296441 0.99952760 0.00057352 -0.27169559
2458887.80435328 0.99950279 0.00057365 -0.27030672
2458887.80574214 0.99765350 0.00057317 -0.26891786
2458887.80713101 1.00045570 0.00057415 -0.26752899
2458887.80851987 0.99863057 0.00057375 -0.26614013
2458887.80990874 0.99968886 0.00057393 -0.26475126
2458887.81129761 1.00011379 0.00057389 -0.26336239
2458887.81268647 0.99687343 0.00057342 -0.26197353
2458887.81407534 1.00216293 0.00057440 -0.26058466
2458887.81546420 1.00178124 0.00057303 -0.25919580
2458887.81685307 0.99982090 0.00057389 -0.25780693
2458887.81824194 0.99921509 0.00057419 -0.25641806
2458887.81963080 1.00123566 0.00057373 -0.25502920
2458887.82101967 1.00631535 0.00057402 -0.25364033
2458887.82240853 0.99735257 0.00057363 -0.25225147
2458887.82379740 0.99901906 0.00057396 -0.25086260
2458887.82518627 0.99851081 0.00057317 -0.24947373
2458887.82657513 0.99916207 0.00057364 -0.24808487
2458887.82796400 1.00152491 0.00057401 -0.24669600
2458887.82935286 0.99793214 0.00057384 -0.24530714
2458887.83074173 1.00191769 0.00057407 -0.24391827
2458887.83213059 0.99654106 0.00057356 -0.24252941
2458887.83351946 1.00658062 0.00057397 -0.24114054
2458887.83490833 0.99544543 0.00057333 -0.23975167
2458887.83629719 1.00113678 0.00057354 -0.23836281
2458887.83768606 1.00382495 0.00057360 -0.23697394
2458887.83907492 1.00332088 0.00057359 -0.23558508
2458887.84046379 0.99870464 0.00057405 -0.23419621
2458887.84185266 0.99727217 0.00057415 -0.23280734
2458887.84324152 0.99894332 0.00057384 -0.23141848
2458887.84463039 0.99915396 0.00057320 -0.23002961
2458887.84601925 1.00215470 0.00057330 -0.22864075
2458887.84740812 0.99944178 0.00057360 -0.22725188
2458887.84879699 0.99782252 0.00057310 -0.22586301
2458887.85018585 0.99756393 0.00057412 -0.22447415
2458887.85157472 0.99609144 0.00057413 -0.22308528
2458887.85296358 0.99940498 0.00057375 -0.22169642
2458887.85435245 0.99702068 0.00057382 -0.22030755
2458887.85574131 0.99603007 0.00057303 -0.21891869
2458887.85713018 0.99655549 0.00057244 -0.21752982
2458887.85851905 1.00083978 0.00057438 -0.21614095
2458887.85990791 0.99827262 0.00057414 -0.21475209
2458887.86129678 0.99672230 0.00057284 -0.21336322
2458887.86268564 0.99755415 0.00057320 -0.21197436
2458887.86407451 0.99408280 0.00057243 -0.21058549
2458887.86546337 0.99921956 0.00057292 -0.20919663
2458887.86685224 0.99795856 0.00057347 -0.20780776
2458887.86824111 0.99519590 0.00057336 -0.20641889
2458887.86962997 0.99663588 0.00057300 -0.20503003
2458887.87101884 1.00281896 0.00057423 -0.20364116
2458887.87240770 0.99466064 0.00057286 -0.20225230
2458887.87379657 0.99608858 0.00057289 -0.20086343
2458887.87518543 0.99776115 0.00057368 -0.19947457
2458887.87657430 0.99402900 0.00057192 -0.19808570
2458887.87796317 0.99890598 0.00057379 -0.19669683
2458887.87935203 0.99581841 0.00057272 -0.19530797
2458887.88074090 0.99644993 0.00057321 -0.19391910
2458887.88212976 0.99335097 0.00057312 -0.19253024
2458887.88351863 0.99682613 0.00057252 -0.19114137
2458887.88490750 0.99471127 0.00057281 -0.18975250
2458887.88629636 0.99907434 0.00057314 -0.18836364
2458887.88768523 0.99498693 0.00057248 -0.18697477
2458887.88907409 0.99457947 0.00057270 -0.18558591
2458887.89046296 0.99525023 0.00057339 -0.18419704
2458887.89185182 0.99388539 0.00057281 -0.18280818
2458887.89324069 0.99707596 0.00057344 -0.18141931
2458887.89462956 0.99665270 0.00057247 -0.18003044
2458887.89601842 0.99596375 0.00057244 -0.17864158
2458887.89740729 0.99171722 0.00057265 -0.17725271
2458887.89879615 0.99787566 0.00057313 -0.17586385
2458887.90018502 0.99169259 0.00057256 -0.17447498
2458887.90157388 0.99599286 0.00057279 -0.17308612
2458887.90296275 0.99286098 0.00057299 -0.17169725
2458887.90435162 0.99256845 0.00057275 -0.17030838
2458887.90574048 0.99524039 0.00057306 -0.16891952
2458887.90712935 0.98847387 0.00057109 -0.16753065
2458887.90851821 0.99788818 0.00057272 -0.16614179
2458887.90990708 0.99015730 0.00057184 -0.16475292
2458887.91129594 0.99453391 0.00057294 -0.16336406
2458887.91268481 0.99513012 0.00057137 -0.16197519
2458887.91407368 1.00225895 0.00057307 -0.16058632
2458887.91546254 0.99126969 0.00057243 -0.15919746
2458887.91685141 0.99207547 0.00057247 -0.15780859
2458887.91824027 0.99285310 0.00057255 -0.15641973
2458887.91962914 0.99408787 0.00057327 -0.15503086
2458887.92101800 0.99711598 0.00057298 -0.15364200
2458887.92379573 0.99174901 0.00057318 -0.15086426
2458887.92518460 0.99395422 0.00057224 -0.14947540
2458887.92657347 0.99099690 0.00057348 -0.14808653
2458887.92796233 0.99056917 0.00057167 -0.14669767
2458887.92935120 0.99643914 0.00057176 -0.14530880
2458887.93074006 0.99551908 0.00057224 -0.14391994
2458887.93212893 0.99487874 0.00057303 -0.14253107
2458887.93351780 0.99234218 0.00057169 -0.14114220
2458887.93490666 0.99052438 0.00057279 -0.13975334
2458887.93629553 0.99299719 0.00057243 -0.13836447
2458887.93768439 0.99340107 0.00057192 -0.13697561
2458887.93907326 0.98892206 0.00057243 -0.13558674
2458887.94046212 0.99234164 0.00057226 -0.13419788
2458887.94185099 0.99363032 0.00057198 -0.13280901
2458887.94323985 0.98792871 0.00057235 -0.13142015
2458887.94462872 0.98873026 0.00057154 -0.13003128
2458887.94601759 0.99299576 0.00057250 -0.12864241
2458887.94740645 0.98712657 0.00057230 -0.12725355
2458887.94879532 0.99311856 0.00057285 -0.12586468
2458887.95018418 0.99213344 0.00057145 -0.12447582
2458887.95157305 0.99340274 0.00057184 -0.12308695
2458887.95296191 0.99391181 0.00057224 -0.12169809
2458887.95435078 0.98693698 0.00057154 -0.12030922
2458887.95573964 0.99541531 0.00057298 -0.11892036
2458887.95712851 0.99285996 0.00057234 -0.11753149
2458887.95851738 0.98625918 0.00057174 -0.11614262
2458887.95990624 0.99047136 0.00057228 -0.11475376
2458887.96129511 0.99120957 0.00057262 -0.11336489
2458887.96268397 0.98572625 0.00057148 -0.11197603
2458887.96407284 0.99117677 0.00057154 -0.11058716
2458887.96546170 0.98827349 0.00057243 -0.10919830
2458887.96685057 0.99023197 0.00057244 -0.10780943
2458887.96823943 0.98877105 0.00057181 -0.10642057
2458887.96962830 0.99185558 0.00057211 -0.10503170
2458887.97240603 0.98585399 0.00057189 -0.10225397
2458887.97379490 0.99124231 0.00057175 -0.10086510
2458887.97518376 0.99134549 0.00057189 -0.09947624
2458887.97657263 0.99441207 0.00057247 -0.09808737
2458887.97796149 0.99211215 0.00057186 -0.09669851
2458887.97935036 0.98977800 0.00057167 -0.09530964
2458887.98073922 0.99150395 0.00057270 -0.09392078
2458887.98212809 0.99108439 0.00057174 -0.09253191
2458887.98351696 0.98666800 0.00057152 -0.09114304
2458887.98490582 0.99352207 0.00057238 -0.08975418
2458887.98629469 0.98814639 0.00057230 -0.08836531
2458887.98768355 0.98862774 0.00057183 -0.08697645
2458887.99046128 0.99002097 0.00057181 -0.08419872
2458887.99185015 0.99088448 0.00057196 -0.08280985
2458887.99323901 0.99103674 0.00057137 -0.08142099
2458887.99462788 0.99434950 0.00057290 -0.08003212
2458887.99601674 0.99087488 0.00057196 -0.07864326
2458887.99740561 0.98760159 0.00057172 -0.07725439
2458887.99879448 0.99370540 0.00057220 -0.07586552
2458888.00018334 0.98897436 0.00057171 -0.07447666
2458888.00157221 0.98714124 0.00057234 -0.07308779
2458888.00296107 0.99114755 0.00057168 -0.07169893
2458888.00434994 0.99759607 0.00057280 -0.07031006
2458888.00573880 0.99353054 0.00057182 -0.06892120
2458888.00712767 0.98999443 0.00057184 -0.06753233
2458888.00851653 0.99154039 0.00057208 -0.06614347
2458888.00990540 0.99060448 0.00057290 -0.06475460
2458888.01129426 0.98813524 0.00057196 -0.06336574
2458888.01268313 0.99111230 0.00057166 -0.06197687
2458888.01407200 0.99014209 0.00057241 -0.06058800
2458888.01546086 0.98691825 0.00057216 -0.05919914
2458888.01684973 0.99206784 0.00057244 -0.05781027
2458888.01823859 0.99246885 0.00057228 -0.05642141
2458888.01962746 0.99031630 0.00057226 -0.05503254
2458888.02101632 0.98913771 0.00057205 -0.05364368
2458888.02240519 0.99106572 0.00057230 -0.05225481
2458888.02379405 0.98891866 0.00057120 -0.05086595
2458888.02518292 0.99438398 0.00057239 -0.04947708
2458888.02657178 0.99089384 0.00057214 -0.04808822
2458888.02796065 0.99505760 0.00057122 -0.04669935
2458888.02934952 0.99245907 0.00057170 -0.04531048
2458888.03073838 0.99337655 0.00057311 -0.04392162
2458888.03212725 0.99054758 0.00057164 -0.04253275
2458888.03351611 0.98991278 0.00057231 -0.04114389
2458888.03490498 0.98973643 0.00057177 -0.03975502
2458888.03629384 0.99245961 0.00057171 -0.03836616
2458888.03768271 0.99070491 0.00057260 -0.03697729
2458888.03907157 0.99160522 0.00057099 -0.03558843
2458888.04046044 0.98679014 0.00057214 -0.03419956
2458888.04184930 0.99208788 0.00057201 -0.03281070
2458888.04323817 0.99221192 0.00057164 -0.03142183
2458888.04462703 0.99268301 0.00057221 -0.03003297
2458888.04601590 0.98801018 0.00057223 -0.02864410
2458888.04740477 0.99157409 0.00057233 -0.02725523
2458888.04879363 0.98973315 0.00057236 -0.02586637
2458888.05018250 0.98709961 0.00057105 -0.02447750
2458888.05434909 0.98793360 0.00057055 -0.02031091
2458888.05573796 0.98975015 0.00057218 -0.01892204
2458888.05712682 0.98802085 0.00057217 -0.01753318
2458888.05851569 0.98736948 0.00057132 -0.01614431
2458888.05990455 0.98949632 0.00057126 -0.01475545
2458888.06129342 0.99464710 0.00057126 -0.01336658
2458888.06268228 0.99248811 0.00057234 -0.01197772
2458888.06407115 0.98802592 0.00057134 -0.01058885
2458888.06546002 0.98934991 0.00057188 -0.00919998
2458888.06684888 0.98945028 0.00057246 -0.00781112
2458888.06962661 0.99738155 0.00057193 -0.00503339
2458888.07101548 0.98936965 0.00057152 -0.00364452
2458888.07240434 0.99457864 0.00057282 -0.00225566
2458888.07379321 0.99057376 0.00057159 -0.00086679
2458888.07518207 0.99024491 0.00057099 0.00052207
2458888.07657094 0.99451989 0.00057342 0.00191094
2458888.07795980 0.99039097 0.00057141 0.00329980
2458888.07934867 0.99127673 0.00057268 0.00468867
2458888.08073753 0.99096780 0.00057121 0.00607753
2458888.08212640 0.99020746 0.00057267 0.00746640
2458888.08351526 0.99240432 0.00057235 0.00885526
2458888.08490413 0.98782834 0.00057161 0.01024413
2458888.08629299 0.99234468 0.00057223 0.01163299
2458888.08768186 0.98943406 0.00057196 0.01302186
2458888.08907072 0.99095372 0.00057239 0.01441072
2458888.09045959 0.98933202 0.00057164 0.01579959
2458888.09184845 0.99453254 0.00057253 0.01718845
2458888.09323732 0.99192214 0.00057159 0.01857732
2458888.09462619 0.98872334 0.00057178 0.01996619
2458888.09601505 0.99279263 0.00057099 0.02135505
2458888.09740392 0.99284780 0.00057245 0.02274392
2458888.09879278 0.98933762 0.00057233 0.02413278
2458888.10018165 0.98664152 0.00057187 0.02552165
2458888.10157051 0.99051603 0.00057202 0.02691051
2458888.10295938 0.98948380 0.00057130 0.02829938
2458888.10434824 0.99079120 0.00057166 0.02968824
2458888.10573711 0.99141551 0.00057196 0.03107711
2458888.10712597 0.98749365 0.00057137 0.03246597
2458888.10851484 0.99182725 0.00057230 0.03385484
2458888.10990370 0.99242090 0.00057188 0.03524370
2458888.11129257 0.98893774 0.00057200 0.03663257
2458888.11268143 0.99167875 0.00057116 0.03802143
2458888.11407030 0.98772272 0.00057108 0.03941030
2458888.11545916 0.98995912 0.00057242 0.04079916
2458888.11684803 0.98852588 0.00057126 0.04218803
2458888.11823689 0.98706466 0.00057188 0.04357689
2458888.11962576 0.99539551 0.00057190 0.04496576
2458888.12101462 0.99014615 0.00057137 0.04635462
2458888.12240349 0.99359096 0.00057264 0.04774349
2458888.12379236 0.99256606 0.00057190 0.04913236
2458888.12518122 0.98796718 0.00057122 0.05052122
2458888.12657009 0.98974579 0.00057221 0.05191009
2458888.12795895 0.99034427 0.00057216 0.05329895
2458888.12934782 0.99127309 0.00057197 0.05468782
2458888.13073668 0.98598943 0.00057105 0.05607668
2458888.13212555 0.98856989 0.00057183 0.05746555
2458888.13351441 0.98992590 0.00057165 0.05885441
2458888.13490328 0.99315983 0.00057192 0.06024328
2458888.13629214 0.98703633 0.00057111 0.06163214
2458888.13768101 0.99602637 0.00057155 0.06302101
2458888.13906987 0.99290642 0.00057192 0.06440987
2458888.14045874 0.98816828 0.00057081 0.06579874
2458888.14184760 0.99634640 0.00057204 0.06718760
2458888.14323647 0.99115333 0.00057208 0.06857647
2458888.14462533 0.98857627 0.00057203 0.06996533
2458888.14601420 0.98837917 0.00057178 0.07135420
2458888.14740306 0.99437014 0.00057233 0.07274306
2458888.14879193 0.99173356 0.00057059 0.07413193
2458888.15018079 0.98968681 0.00057196 0.07552079
2458888.15156966 0.99003123 0.00057211 0.07690966
2458888.15295852 0.99105624 0.00057179 0.07829852
2458888.15434739 0.99179916 0.00057216 0.07968739
2458888.15573625 0.99157092 0.00057131 0.08107625
2458888.15712512 0.98909203 0.00057149 0.08246512
2458888.15851398 0.99151194 0.00057240 0.08385398
2458888.15990285 0.98930763 0.00057218 0.08524285
2458888.16129171 0.99410260 0.00057226 0.08663171
2458888.16268058 0.98680923 0.00057175 0.08802058
2458888.16406944 0.99322591 0.00057269 0.08940944
2458888.16545831 0.99004959 0.00057205 0.09079831
2458888.16684717 0.99428927 0.00057277 0.09218717
2458888.16823604 0.99283074 0.00057115 0.09357604
2458888.16962490 0.99016339 0.00057284 0.09496490
2458888.17101377 0.99037045 0.00057117 0.09635377
2458888.17240263 0.99005603 0.00057259 0.09774263
2458888.17379150 0.99510078 0.00057218 0.09913150
2458888.17518036 0.99004709 0.00057227 0.10052036
2458888.17656923 0.99044351 0.00057195 0.10190923
2458888.17795809 0.99334196 0.00057186 0.10329809
2458888.17934696 0.99209939 0.00057145 0.10468696
2458888.18073582 0.99129336 0.00057217 0.10607582
2458888.18351355 0.99449282 0.00057280 0.10885355
2458888.18490242 0.99169521 0.00057167 0.11024242
2458888.18629128 0.99138068 0.00057131 0.11163128
2458888.18768015 0.99404117 0.00057271 0.11302015
2458888.18906901 0.99031022 0.00057210 0.11440901
2458888.19045788 0.99422253 0.00057152 0.11579788
2458888.19184674 0.98748768 0.00057161 0.11718674
2458888.19323561 0.99351832 0.00057213 0.11857561
2458888.19462447 0.99114349 0.00057197 0.11996447
2458888.19601334 0.98841423 0.00057192 0.12135334
2458888.19740220 0.99064718 0.00057126 0.12274220
2458888.19879107 0.99393394 0.00057267 0.12413107
2458888.20017993 0.99363133 0.00057138 0.12551993
2458888.20156880 0.99102547 0.00057178 0.12690880
2458888.20295766 0.99324463 0.00057313 0.12829766
2458888.20434653 0.99053768 0.00057180 0.12968653
2458888.20573539 0.99210583 0.00057239 0.13107539
2458888.20712426 0.98953694 0.00057105 0.13246426
2458888.20851312 0.99219749 0.00057203 0.13385312
2458888.20990199 0.99542754 0.00057241 0.13524199
2458888.21129085 0.99512785 0.00057248 0.13663085
2458888.21267972 0.99247469 0.00057236 0.13801972
2458888.21406858 0.99411775 0.00057170 0.13940858
2458888.21545745 0.99508658 0.00057200 0.14079745
2458888.21684631 0.99345933 0.00057241 0.14218631
2458888.21823518 0.99402233 0.00057221 0.14357518
2458888.21962404 0.99233746 0.00057184 0.14496404
2458888.22101291 0.99004691 0.00057128 0.14635291
2458888.22240177 0.99441582 0.00057301 0.14774177
2458888.22379064 0.99379600 0.00057183 0.14913064
2458888.22517950 0.99091066 0.00057176 0.15051950
2458888.22656837 0.99378914 0.00057182 0.15190837
2458888.22795723 0.99458067 0.00057290 0.15329723
2458888.22934610 0.99254710 0.00057181 0.15468610
2458888.23073496 0.99219648 0.00057224 0.15607496
2458888.23212383 0.99147019 0.00057250 0.15746383
2458888.23351269 0.99203492 0.00057234 0.15885269
2458888.23490156 0.99552594 0.00057209 0.16024156
2458888.23629042 0.99298819 0.00057219 0.16163042
2458888.23767929 0.99142284 0.00057189 0.16301929
2458888.23906815 0.99894940 0.00057268 0.16440815
2458888.24045702 0.99350156 0.00057321 0.16579702
2458888.24184588 0.99595159 0.00057295 0.16718588
2458888.24323475 0.99809567 0.00057220 0.16857475
2458888.24462361 1.00192354 0.00057331 0.16996361
2458888.24601248 0.99087106 0.00057144 0.17135248
2458888.24740134 0.99597258 0.00057331 0.17274134
2458888.24879021 0.99829516 0.00057287 0.17413021
2458888.25017907 0.99680335 0.00057277 0.17551907
2458888.25156794 0.99561075 0.00057303 0.17690794
2458888.25295680 0.99367159 0.00057226 0.17829680
2458888.25434567 1.00282253 0.00057322 0.17968567
2458888.25573453 0.99549791 0.00057260 0.18107453
2458888.25712340 0.99290666 0.00057316 0.18246340
2458888.25851226 1.00241448 0.00057216 0.18385226
2458888.25990113 0.99674520 0.00057330 0.18524113
2458888.26128999 0.99857892 0.00057238 0.18662999
2458888.26267886 0.99595385 0.00057297 0.18801886
2458888.26406772 0.99681939 0.00057226 0.18940772
2458888.26545659 0.99415812 0.00057230 0.19079659
2458888.26684545 0.99565351 0.00057310 0.19218545
2458888.26823432 0.99884968 0.00057321 0.19357432
2458888.26962318 0.99419283 0.00057249 0.19496318
2458888.27101204 0.99707483 0.00057236 0.19635205
2458888.27240091 0.99638230 0.00057291 0.19774091
2458888.27378977 0.99875122 0.00057401 0.19912977
2458888.27517864 0.99816616 0.00057274 0.20051864
2458888.27795637 0.99416307 0.00057269 0.20329637
2458888.27934523 0.99639459 0.00057289 0.20468523
2458888.28073410 0.99948066 0.00057291 0.20607410
2458888.28212296 0.99739079 0.00057276 0.20746296
2458888.28351183 1.00008707 0.00057280 0.20885183
2458888.28490069 0.99638653 0.00057265 0.21024069
2458888.28628956 1.00007115 0.00057385 0.21162956
2458888.28767842 0.99626308 0.00057303 0.21301842
2458888.28906729 0.99775262 0.00057242 0.21440729
2458888.29045615 1.00414127 0.00057401 0.21579615
2458888.29184502 0.99872182 0.00057249 0.21718502
2458888.29323388 1.00008785 0.00057259 0.21857388
2458888.29462275 0.99970055 0.00057315 0.21996275
2458888.29601161 1.00227266 0.00057322 0.22135161
2458888.29740048 0.99369741 0.00057194 0.22274048
2458888.29878934 0.99834061 0.00057389 0.22412934
2458888.30017821 1.00308077 0.00057329 0.22551821
2458888.30156707 0.99720192 0.00057251 0.22690707
2458888.30295594 1.00046948 0.00057370 0.22829594
2458888.30434480 1.00307791 0.00057298 0.22968480
2458888.30573366 0.99928827 0.00057322 0.23107366
2458888.30712253 1.00065740 0.00057337 0.23246253
2458888.30851139 1.00009560 0.00057366 0.23385139
2458888.30990026 1.00040757 0.00057263 0.23524026
2458888.31128912 0.99921587 0.00057387 0.23662912
2458888.31267799 1.00038849 0.00057278 0.23801799
2458888.31406685 1.00337467 0.00057337 0.23940685
2458888.31545572 0.99838402 0.00057380 0.24079572
2458888.31684458 1.00242176 0.00057332 0.24218458
2458888.31823345 1.00226706 0.00057403 0.24357345
2458888.31962231 1.00445032 0.00057376 0.24496231
2458888.32101118 0.99694106 0.00057356 0.24635118
2458888.32240004 0.99924509 0.00057367 0.24774004
2458888.32378891 1.00287048 0.00057329 0.24912891
2458888.32517777 0.99810640 0.00057252 0.25051777
2458888.32656664 1.00244204 0.00057405 0.25190664
2458888.32795550 0.99710053 0.00057324 0.25329550
2458888.32934436 1.00384212 0.00057365 0.25468436
2458888.33073323 1.00168438 0.00057313 0.25607323
2458888.33212209 1.00110875 0.00057345 0.25746209
2458888.33351096 1.00023098 0.00057375 0.25885096
2458888.33489982 0.99654738 0.00057339 0.26023982
2458888.33628869 1.00163643 0.00057373 0.26162869
2458888.33767755 0.99753834 0.00057277 0.26301755
2458888.33906642 0.99942776 0.00057260 0.26440642
2458888.34045528 1.00230236 0.00057424 0.26579528
2458888.34184415 0.99970443 0.00057338 0.26718415
2458888.34323301 0.99899979 0.00057350 0.26857301
2458888.34462188 0.99919285 0.00057318 0.26996188
2458888.34601074 1.00159576 0.00057378 0.27135074
2458888.34739961 0.99624579 0.00057261 0.27273961
2458888.34878847 1.00077048 0.00057374 0.27412847
2458888.35017733 0.99849364 0.00057322 0.27551733
2458888.35156620 0.99860528 0.00057352 0.27690620
2458888.35295506 0.99856300 0.00057344 0.27829506
2458888.35434393 0.99978357 0.00057327 0.27968393
2458888.35573279 1.00302304 0.00057399 0.28107279
2458888.35712166 1.00250836 0.00057329 0.28246166
2458888.35851052 1.00059657 0.00057302 0.28385052
2458888.35989939 0.99997901 0.00057329 0.28523939
2458888.36128825 0.99892155 0.00057273 0.28662825
2458888.36267712 0.99739533 0.00057210 0.28801712
2458888.36406598 1.00492290 0.00057322 0.28940598
2458888.36545485 0.99864083 0.00057343 0.29079485
2458888.36684371 1.00312920 0.00057309 0.29218371
2458888.36823257 1.00007711 0.00057344 0.29357257
2458888.36962144 0.99951168 0.00057303 0.29496144
2458888.37101030 0.99998598 0.00057394 0.29635030
2458888.37239917 0.99933145 0.00057322 0.29773917
2458888.37378803 1.00030875 0.00057345 0.29912803
2458888.37517690 1.00106354 0.00057373 0.30051690
2458888.37656576 0.99821226 0.00057291 0.30190576
2458888.37795463 0.99988698 0.00057348 0.30329463
2458888.37934349 0.99986975 0.00057302 0.30468349
2458888.38073236 1.00256358 0.00057360 0.30607236
2458888.38212122 0.99945013 0.00057218 0.30746122
2458888.38351008 1.00305596 0.00057379 0.30885008
2458888.38489895 0.99600944 0.00057299 0.31023895
2458888.38628781 1.00417157 0.00057387 0.31162781
2458888.38767668 1.00012989 0.00057306 0.31301668
2458888.38906554 0.99975494 0.00057338 0.31440554
2458888.39045441 0.99788013 0.00057272 0.31579441
2458888.39184327 0.99885249 0.00057394 0.31718327
2458888.39323214 0.99836893 0.00057330 0.31857214
2458888.39462100 0.99999964 0.00057323 0.31996100
2458888.39600987 0.99939675 0.00057386 0.32134987
2458888.39739873 1.00326136 0.00057422 0.32273873
2458888.39878759 1.00252708 0.00057264 0.32412759
2458888.40017646 1.00177337 0.00057319 0.32551646
2458888.40156532 1.00182024 0.00057433 0.32690532
2458888.40295419 1.00144082 0.00057323 0.32829419
2458888.40434305 1.00252649 0.00057409 0.32968305
2458888.40573192 0.99994394 0.00057302 0.33107192
2458888.40712078 1.00148734 0.00057320 0.33246078
2458888.40850965 1.00370913 0.00057386 0.33384965
2458888.40989851 1.00007061 0.00057366 0.33523851
2458888.41128738 0.99925070 0.00057319 0.33662738
2458888.41267624 1.00442837 0.00057291 0.33801624
2458888.41406510 1.00099162 0.00057342 0.33940510
2458888.41545397 1.00171373 0.00057377 0.34079397
2458888.41684283 0.99946051 0.00057352 0.34218283
2458888.41823170 1.00032026 0.00057354 0.34357170
2458888.41962056 0.99648905 0.00057233 0.34496056
2458888.42100943 0.99848428 0.00057401 0.34634943
2458888.42239829 0.99842326 0.00057321 0.34773829
2458888.42378716 0.99985824 0.00057295 0.34912716
2458888.42517602 0.99663600 0.00057294 0.35051602
2458888.42656488 0.99836780 0.00057255 0.35190488
2458888.42795375 0.99877358 0.00057310 0.35329375
2458888.42934261 1.00238622 0.00057339 0.35468261
2458888.43073148 1.00013592 0.00057325 0.35607148
2458888.43212034 1.00022406 0.00057383 0.35746034
2458888.43350921 0.99605691 0.00057208 0.35884921
2458888.43489807 0.99894475 0.00057346 0.36023807
2458888.43628694 0.99983522 0.00057296 0.36162694
2458888.43767580 1.00022860 0.00057326 0.36301580
2458888.43906466 0.99815161 0.00057281 0.36440466
2458888.44045353 1.00057313 0.00057336 0.36579353
2458888.44184239 0.99919183 0.00057334 0.36718239
2458888.44323126 1.00041401 0.00057272 0.36857126
2458888.44462012 1.00040608 0.00057399 0.36996012
2458888.44600899 1.00226658 0.00057339 0.37134899
2458888.44739785 1.00023074 0.00057329 0.37273785
2458888.44878672 0.99832665 0.00057378 0.37412672
2458888.45017558 1.00113642 0.00057287 0.37551558
2458888.45156444 1.00493996 0.00057349 0.37690444
2458888.45295331 0.99927282 0.00057294 0.37829331
2458888.45434217 0.99486598 0.00057340 0.37968217
2458888.45573104 1.00101022 0.00057246 0.38107104
2458888.45711990 1.00156320 0.00057384 0.38245990
2458888.45850877 0.99738757 0.00057277 0.38384877
2458888.45989763 0.99723418 0.00057341 0.38523763
2458888.46128649 0.99927855 0.00057339 0.38662649
2458888.46267536 0.99916422 0.00057271 0.38801536
2458888.46406422 0.99884587 0.00057375 0.38940422
2458888.46545309 0.99988013 0.00057241 0.39079309
2458888.46684195 0.99908371 0.00057294 0.39218195
2458888.46823082 0.99805225 0.00057270 0.39357082
2458888.46961968 1.00428894 0.00057319 0.39495968
2458888.47100855 0.99770491 0.00057336 0.39634855
2458888.47239741 1.00094367 0.00057339 0.39773741
2458888.47378627 0.99974433 0.00057382 0.39912627
2458888.47517514 0.99819741 0.00057217 0.40051514
2458888.47656400 1.00028382 0.00057350 0.40190400
2458888.47795287 0.99959255 0.00057381 0.40329287
2458888.47934173 0.99926131 0.00057370 0.40468173
2458888.48073060 1.00011886 0.00057380 0.40607060
2458888.48211946 0.99817958 0.00057280 0.40745946
2458888.48350832 0.99716077 0.00057375 0.40884832
2458888.48489719 0.99910333 0.00057332 0.41023719
2458888.48628605 0.99813109 0.00057312 0.41162605
2458888.48767492 1.00085015 0.00057332 0.41301492
2458888.48906378 0.99861805 0.00057344 0.41440378
2458888.49045265 0.99684850 0.00057336 0.41579265
2458888.49184151 1.00359915 0.00057356 0.41718151
2458888.49323037 0.99915837 0.00057255 0.41857037
2458888.49461924 1.00087866 0.00057274 0.41995924
2458888.49600810 1.00059335 0.00057386 0.42134810
2458888.49739697 0.99923889 0.00057284 0.42273697
2458888.49878583 0.99655967 0.00057316 0.42412583
2458888.50017470 1.00009381 0.00057305 0.42551470
2458888.50156356 1.00024810 0.00057384 0.42690356
2458888.50295242 0.99843400 0.00057323 0.42829242
2458888.50434129 0.99992647 0.00057370 0.42968129
2458888.50573015 0.99907828 0.00057322 0.43107015
2458888.50711902 0.99907876 0.00057350 0.43245902
2458888.50850788 0.99550412 0.00057263 0.43384788
2458888.50989674 0.99720305 0.00057354 0.43523675
2458888.51128561 0.99827590 0.00057287 0.43662561
2458888.51267447 0.99791949 0.00057330 0.43801447
2458888.51406334 0.99749319 0.00057339 0.43940334
2458888.51545220 0.99930676 0.00057324 0.44079220
2458888.51684107 1.00235413 0.00057304 0.44218107
2458888.51822993 1.00323023 0.00057386 0.44356993
2458888.51961880 0.99765947 0.00057295 0.44495880
2458888.52100766 0.99861894 0.00057298 0.44634766
2458888.52239652 0.99872373 0.00057346 0.44773652
2458888.52378539 0.99791114 0.00057252 0.44912539
2458888.52517425 1.00019216 0.00057305 0.45051425
2458888.52656312 0.99898399 0.00057267 0.45190312
2458888.52795198 0.99977623 0.00057369 0.45329198
2458888.52934084 1.00077787 0.00057210 0.45468084
2458888.53072971 1.00395305 0.00057346 0.45606971
2458888.53211857 0.99908323 0.00057338 0.45745857
2458888.53350744 0.99889489 0.00057295 0.45884744
2458888.53489630 1.00244585 0.00057288 0.46023630
2458888.53628517 1.00250561 0.00057407 0.46162517
2458888.53767403 0.99553286 0.00057227 0.46301403
2458888.53906289 0.99876130 0.00057315 0.46440289
2458888.54045176 0.99992784 0.00057356 0.46579176
2458888.54184062 1.00125260 0.00057361 0.46718062
2458888.54322949 0.99767289 0.00057270 0.46856949
2458888.54461835 1.00283685 0.00057388 0.46995835
2458888.54600721 0.99466810 0.00057250 0.47134721
2458888.54739608 0.99837150 0.00057354 0.47273608
2458888.54878494 0.99572436 0.00057317 0.47412494
2458888.55017381 1.00416262 0.00057186 0.47551381
2458888.55156267 1.00255058 0.00057434 0.47690267
2458888.55295154 0.99368751 0.00057225 0.47829154
2458888.55434040 0.99872122 0.00057355 0.47968040
2458888.55572926 0.99952736 0.00057342 0.48106926
2458888.55711813 1.00056615 0.00057349 0.48245813
2458888.55850699 0.99730330 0.00057325 0.48384699
2458888.55989586 1.00251933 0.00057448 0.48523586
2458888.56128472 0.99889817 0.00057275 0.48662472
2458888.56267358 1.00041413 0.00057348 0.48801358
2458888.56406245 0.99774255 0.00057332 0.48940245
2458888.56545131 1.00373585 0.00057391 0.49079131
2458888.56684018 1.00061541 0.00057358 0.49218018
2458888.56822904 1.00448730 0.00057375 0.49356904
2458888.56961791 0.99707405 0.00057320 0.49495791
2458888.57100677 0.99730951 0.00057330 0.49634677
2458888.57239563 0.99684880 0.00057288 0.49773563
2458888.57378450 0.99907321 0.00057394 0.49912450
2458888.57517336 0.99954394 0.00057318 0.50051336
2458888.57656223 0.99727509 0.00057291 0.50190223
2458888.57795109 0.99932143 0.00057372 0.50329109
2458888.57933995 0.99871591 0.00057295 0.50467995
2458888.58072882 0.99799011 0.00057279 0.50606882
2458888.58211768 1.00167484 0.00057366 0.50745768
2458888.58350655 0.99982078 0.00057381 0.50884655
2458888.58489541 0.99784996 0.00057327 0.51023541
2458888.58628427 1.00117948 0.00057287 0.51162427
2458888.58767314 0.99840883 0.00057304 0.51301314
2458888.58906200 0.99872212 0.00057303 0.51440200
2458888.59045087 1.00201097 0.00057355 0.51579087
2458888.59183973 0.99725404 0.00057300 0.51717973
2458888.59322859 0.99956499 0.00057353 0.51856859
2458888.59461746 0.99797895 0.00057255 0.51995746
2458888.59600632 1.00062209 0.00057351 0.52134632
2458888.59739519 0.99750989 0.00057296 0.52273519
2458888.59878405 0.99819616 0.00057295 0.52412405
2458888.60017291 1.00193523 0.00057357 0.52551291
2458888.60156178 0.99760478 0.00057349 0.52690178
2458888.60295064 0.99696455 0.00057244 0.52829064
2458888.60433951 1.00063295 0.00057321 0.52967951
2458888.60572837 1.00005177 0.00057376 0.53106837
2458888.60711723 0.99758528 0.00057280 0.53245723
2458888.60850610 0.99719888 0.00057315 0.53384610
2458888.60989496 0.99661107 0.00057314 0.53523496
2458888.61128383 1.00139692 0.00057328 0.53662383
2458888.61267269 0.99746838 0.00057303 0.53801269
2458888.61406155 0.99438773 0.00057299 0.53940155
2458888.61545042 0.99808273 0.00057346 0.54079042
2458888.61683928 0.99744453 0.00057306 0.54217928
2458888.61822815 0.99434688 0.00057269 0.54356815
2458888.61961701 0.99900021 0.00057329 0.54495701
2458888.62239474 1.00529791 0.00057379 0.54773474
2458888.62378360 0.99800412 0.00057263 0.54912360
2458888.62517247 1.00020921 0.00057416 0.55051247
2458888.62656133 0.99693915 0.00057268 0.55190133
2458888.62795019 0.99832552 0.00057282 0.55329019
2458888.62933906 0.99927133 0.00057299 0.55467906
2458888.63072792 0.99721492 0.00057319 0.55606792
2458888.63211679 0.99812137 0.00057387 0.55745679
2458888.63350565 1.00038127 0.00057331 0.55884565
2458888.63489451 0.99850348 0.00057333 0.56023451
2458888.63628338 1.00120799 0.00057328 0.56162338
2458888.63767224 1.00062543 0.00057356 0.56301224
2458888.63906111 1.00054450 0.00057285 0.56440111
2458888.64044997 0.99869754 0.00057348 0.56578997
2458888.64183883 1.00129912 0.00057426 0.56717883
2458888.64322770 0.99865377 0.00057279 0.56856770
2458888.64461656 0.99941852 0.00057398 0.56995656
2458888.64600543 1.00043996 0.00057290 0.57134543
2458888.64739429 1.00087079 0.00057311 0.57273429
2458888.64878315 1.00121884 0.00057363 0.57412315
2458888.65017202 0.99726215 0.00057282 0.57551202
2458888.65156088 0.99977456 0.00057277 0.57690088
2458888.65294975 1.00259722 0.00057352 0.57828975
2458888.65433861 1.00002672 0.00057335 0.57967861
2458888.65572747 0.99883525 0.00057377 0.58106747
2458888.65711634 0.99743332 0.00057241 0.58245634
2458888.65850520 0.99894081 0.00057365 0.58384520
2458888.65989406 0.99491113 0.00057180 0.58523406
2458888.66128293 1.00164836 0.00057340 0.58662293
2458888.66267179 1.00370292 0.00057359 0.58801179
2458888.66406066 0.99758534 0.00057281 0.58940066
2458888.66544952 1.00005785 0.00057366 0.59078952
2458888.66683838 1.00119200 0.00057350 0.59217838
2458888.66822725 0.99940498 0.00057299 0.59356725
2458888.66961611 0.99185397 0.00057186 0.59495611
2458888.67100498 1.00111531 0.00057382 0.59634498
2458888.67239384 0.99790113 0.00057337 0.59773384
2458888.67378270 0.99786856 0.00057325 0.59912270
2458888.67517157 1.00008015 0.00057251 0.60051157
2458888.67656043 0.99752594 0.00057259 0.60190043
2458888.67794929 1.00047312 0.00057272 0.60328929
2458888.67933816 0.99805070 0.00057330 0.60467816
2458888.68072702 1.00167520 0.00057380 0.60606702
2458888.68211589 0.99793059 0.00057233 0.60745589
2458888.68350475 0.99831436 0.00057308 0.60884475
2458888.68489361 0.99808780 0.00057313 0.61023361
2458888.68628248 1.00817108 0.00057375 0.61162248
2458888.68767134 0.99599387 0.00057246 0.61301134
2458888.68906021 1.00136209 0.00057335 0.61440021
2458888.69044907 0.99993112 0.00057222 0.61578907
2458888.69183793 1.00204687 0.00057358 0.61717793
2458888.69322680 0.99902777 0.00057283 0.61856680
2458888.69461566 1.00195324 0.00057411 0.61995566
2458888.69600452 1.00285343 0.00057327 0.62134452
2458888.69739339 0.99925577 0.00057326 0.62273339
2458888.69878225 0.99537404 0.00057244 0.62412225
2458888.70017112 0.99620398 0.00057306 0.62551112
2458888.70155998 1.00118831 0.00057355 0.62689998
2458888.70294884 0.99767420 0.00057300 0.62828884
2458888.70433771 1.00019228 0.00057310 0.62967771
2458888.70572657 0.99556835 0.00057246 0.63106657
2458888.70711543 1.00043632 0.00057380 0.63245543
2458888.70850430 0.99718093 0.00057251 0.63384430
2458888.70989316 0.99921420 0.00057298 0.63523316
2458888.71128203 1.00521096 0.00057427 0.63662203
2458888.71267089 0.99572198 0.00057287 0.63801089
2458888.71405975 1.00553539 0.00057397 0.63939975
2458888.71544862 0.99549338 0.00057286 0.64078862
2458888.71683748 1.00444865 0.00057358 0.64217748
2458888.71822634 1.00137951 0.00057337 0.64356634
2458888.71961521 0.99595308 0.00057262 0.64495521
2458888.72100407 1.00132094 0.00057382 0.64634407
2458888.72239294 0.99752456 0.00057360 0.64773294
2458888.72378180 1.00207585 0.00057333 0.64912180
2458888.72517066 0.99873106 0.00057349 0.65051066
2458888.72655953 0.99946003 0.00057318 0.65189953
2458888.72794839 1.00323786 0.00057421 0.65328839
2458888.72933725 0.99832289 0.00057241 0.65467725
2458888.73072612 1.00187332 0.00057415 0.65606612
2458888.73211498 1.00250967 0.00057322 0.65745498
2458888.73350385 0.99967258 0.00057326 0.65884385
2458888.73489271 0.99860093 0.00057358 0.66023271
2458888.73628157 1.00316367 0.00057388 0.66162157
2458888.73767044 0.99766024 0.00057287 0.66301044
2458888.73905930 0.99866629 0.00057298 0.66439930
2458888.74044816 0.99943307 0.00057390 0.66578816
2458888.74183703 0.99958778 0.00057322 0.66717703
2458888.74322589 0.99745813 0.00057394 0.66856589
2458888.74461476 0.99734189 0.00057246 0.66995476
2458888.74600362 1.00144845 0.00057311 0.67134362
2458888.74739248 0.99998521 0.00057317 0.67273248
2458888.74878135 0.99517861 0.00057214 0.67412135
2458888.75017021 0.99840961 0.00057354 0.67551021
2458888.75155907 0.99734952 0.00057365 0.67689907
2458888.75294794 1.00018798 0.00057329 0.67828794
2458888.75433680 1.00152944 0.00057305 0.67967680
2458888.75572567 1.00533131 0.00057301 0.68106567
2458888.75711453 1.00188453 0.00057389 0.68245453
2458888.75850339 0.99633954 0.00057234 0.68384339
2458888.75989226 0.99878211 0.00057371 0.68523226
2458888.76128112 0.99851779 0.00057280 0.68662112
2458888.76266998 0.99978041 0.00057315 0.68800998
2458888.76405885 0.99834037 0.00057237 0.68939885
2458888.76544771 1.00176657 0.00057296 0.69078771
2458888.76683657 0.99874007 0.00057269 0.69217657
2458888.76822544 1.00000483 0.00057314 0.69356544
2458888.76961430 0.99463291 0.00057272 0.69495430
2458888.77100316 0.99713065 0.00057268 0.69634316
2458888.77239203 1.00049518 0.00057331 0.69773203
2458888.77378089 1.00000734 0.00057317 0.69912089
2458888.77516976 0.99398773 0.00057155 0.70050976
2458888.77655862 1.00069473 0.00057327 0.70189862
2458888.77794748 1.00090061 0.00057410 0.70328748
2458888.77933635 0.99311414 0.00057199 0.70467635
2458888.78072521 0.99617959 0.00057268 0.70606521
2458888.78211407 1.00195109 0.00057422 0.70745407
2458888.78350294 0.99550513 0.00057265 0.70884294
2458888.78489180 1.00009429 0.00057351 0.71023180
2458888.78628066 1.00051808 0.00057286 0.71162066
2458888.78766953 0.99668091 0.00057255 0.71300953
2458888.78905839 1.00505685 0.00057367 0.71439839
2458888.79044726 0.99792277 0.00057299 0.71578726
2458888.79183612 0.99680496 0.00057214 0.71717612
2458888.79322498 0.99906951 0.00057407 0.71856498
2458888.79461385 1.00189694 0.00057347 0.71995385
2458888.79600271 0.99874275 0.00057315 0.72134271
2458888.79739157 0.99913184 0.00057301 0.72273157
2458888.79878044 1.00306014 0.00057312 0.72412044
2458888.80016930 0.99887121 0.00057340 0.72550930
2458888.80155816 1.00205415 0.00057273 0.72689816
2458888.80294703 1.00062329 0.00057382 0.72828703
2458888.80433589 0.99812602 0.00057305 0.72967589
2458888.80572475 0.99807074 0.00057289 0.73106475
2458888.80711362 0.99921014 0.00057332 0.73245362
2458888.80850248 1.00132595 0.00057331 0.73384248
2458888.80989134 1.00093162 0.00057357 0.73523134
2458888.81128021 0.99917650 0.00057381 0.73662021
2458888.81266907 0.99976645 0.00057256 0.73800907
2458888.81405794 1.00057820 0.00057397 0.73939794
2458888.81544680 0.99719321 0.00057325 0.74078680
2458888.81683566 1.00523064 0.00057364 0.74217566
2458888.81822453 0.99655776 0.00057339 0.74356453
2458888.81961339 1.00196660 0.00057313 0.74495339
2458888.82100225 0.99799339 0.00057352 0.74634225
2458888.82239112 0.99915235 0.00057268 0.74773112
2458888.82377998 0.99972530 0.00057421 0.74911998
2458888.82516884 0.99614058 0.00057276 0.75050884
2458888.82655771 1.00213466 0.00057349 0.75189771
2458888.82794657 0.99795957 0.00057275 0.75328657
2458888.82933543 0.99744656 0.00057299 0.75467543
2458888.83072430 0.99937636 0.00057294 0.75606430
2458888.83211316 1.00087043 0.00057318 0.75745316
2458888.83350202 1.00036642 0.00057363 0.75884202
2458888.83489089 1.00043924 0.00057325 0.76023089
2458888.83627975 1.00054110 0.00057245 0.76161975
2458888.83766861 0.99766329 0.00057280 0.76300862
2458888.83905748 0.99703153 0.00057276 0.76439748
2458888.84044634 1.00133251 0.00057374 0.76578634
2458888.84183521 0.99772418 0.00057274 0.76717521
2458888.84322407 1.00198377 0.00057352 0.76856407
2458888.84461293 0.99543732 0.00057224 0.76995293
2458888.84600180 0.99562793 0.00057279 0.77134180
2458888.84739066 0.99947595 0.00057348 0.77273066
2458888.84877952 1.00290436 0.00057409 0.77411952
2458888.85016839 0.99704191 0.00057225 0.77550839
2458888.85155725 1.00061637 0.00057351 0.77689725
2458888.85294611 0.99663254 0.00057316 0.77828611
2458888.85433498 0.99935232 0.00057328 0.77967498
2458888.85572384 1.00406350 0.00057327 0.78106384
2458888.85711270 1.00064857 0.00057299 0.78245270
2458888.85850157 1.00006990 0.00057301 0.78384157
2458888.85989043 0.99698358 0.00057253 0.78523043
2458888.86127929 0.99921927 0.00057319 0.78661929
2458888.86266816 1.00139156 0.00057293 0.78800816
2458888.86405702 1.00474875 0.00057397 0.78939702
2458888.86544588 1.00053794 0.00057291 0.79078588
2458888.86683475 1.00256000 0.00057269 0.79217475
2458888.86822361 0.99644462 0.00057357 0.79356361
2458888.86961247 1.00282814 0.00057305 0.79495247
2458888.87100134 0.99995974 0.00057374 0.79634134
2458888.87239020 1.00262024 0.00057322 0.79773020
2458888.87377906 1.00169989 0.00057227 0.79911906
2458888.87516793 0.99969435 0.00057348 0.80050793
2458888.87655679 0.99821316 0.00057352 0.80189679
2458888.87794565 0.99850175 0.00057281 0.80328565
2458888.87933452 0.99912915 0.00057320 0.80467452
2458888.88072338 0.99955318 0.00057335 0.80606338
2458888.88211224 1.00032784 0.00057256 0.80745224
2458888.88350111 0.99997746 0.00057346 0.80884111
2458888.88488997 0.99832474 0.00057276 0.81022997
2458888.88627883 0.99378311 0.00057224 0.81161883
2458888.88766770 1.00114119 0.00057412 0.81300770
2458888.88905656 0.99524254 0.00057227 0.81439656
2458888.89044542 1.00325384 0.00057421 0.81578542
2458888.89183429 1.00000113 0.00057333 0.81717429
2458888.89322315 0.99334387 0.00057144 0.81856315
2458888.89461201 1.00194680 0.00057278 0.81995201
2458888.89600088 0.99999219 0.00057354 0.82134088
2458888.89738974 1.00003495 0.00057381 0.82272974
2458888.89877860 1.00225453 0.00057369 0.82411860
2458888.90016747 1.00106139 0.00057355 0.82550747
2458888.90155633 0.99475255 0.00057246 0.82689633
2458888.90294519 1.00528360 0.00057403 0.82828519
2458888.90433406 0.99775984 0.00057300 0.82967406
2458888.90572292 0.99701292 0.00057343 0.83106292
2458888.90711178 0.99936950 0.00057347 0.83245178
2458888.90850065 0.99788514 0.00057283 0.83384065
2458888.90988951 1.00477499 0.00057387 0.83522951
2458888.91127837 1.00272735 0.00057318 0.83661837
2458888.91266724 1.00016699 0.00057322 0.83800724
2458888.91405610 1.00056466 0.00057282 0.83939610
2458888.91544496 0.99491721 0.00057204 0.84078496
2458888.91683383 1.00278425 0.00057339 0.84217383
2458888.91822269 1.00727458 0.00057399 0.84356269
2458888.91961155 0.99875122 0.00057238 0.84495155
2458888.92100042 0.99919159 0.00057248 0.84634042
2458888.92238928 1.00088880 0.00057261 0.84772928
2458888.92377814 1.00097647 0.00057400 0.84911814
2458888.92516701 0.99830619 0.00057354 0.85050701
2458888.92655587 0.99834341 0.00057326 0.85189587
2458888.92794473 0.99671968 0.00057311 0.85328473
2458888.92933360 0.99586439 0.00057275 0.85467360
2458888.93072246 0.99985961 0.00057373 0.85606246
2458888.93211132 1.00301064 0.00057325 0.85745132
2458888.93350019 0.99709898 0.00057318 0.85884019
2458888.93488905 1.00306336 0.00057332 0.86022905
2458888.93627791 1.00164526 0.00057224 0.86161791
2458888.93766678 1.00017933 0.00057319 0.86300678
2458888.93905564 0.99794836 0.00057291 0.86439564
2458888.94044450 0.99845780 0.00057357 0.86578450
2458888.94183336 1.00001288 0.00057263 0.86717336
2458888.94322223 0.99853729 0.00057352 0.86856223
2458888.94461109 0.99935411 0.00057239 0.86995109
2458888.94599995 0.99834782 0.00057355 0.87133995
2458888.94738882 0.99570754 0.00057273 0.87272882
2458888.94877768 1.00043644 0.00057330 0.87411768
2458888.95016654 1.00001670 0.00057363 0.87550654
2458888.95155541 0.99856753 0.00057296 0.87689541
2458888.95294427 0.99938673 0.00057253 0.87828427
2458888.95433313 1.00056150 0.00057270 0.87967313
2458888.95572200 1.00482306 0.00057404 0.88106200
2458888.95711086 0.99881372 0.00057265 0.88245086
2458888.95849972 1.00507868 0.00057310 0.88383972
2458888.95988859 0.99886221 0.00057339 0.88522859
2458888.96127745 1.00071549 0.00057351 0.88661745
2458888.96266631 0.99931976 0.00057269 0.88800631
2458888.96405518 1.00110362 0.00057296 0.88939518
2458888.96544404 1.00109730 0.00057306 0.89078404
2458888.96683290 0.99794341 0.00057357 0.89217290
2458888.96822177 1.00430564 0.00057193 0.89356177
2458888.96961063 0.99767319 0.00057311 0.89495063
2458888.97099949 0.99902932 0.00057276 0.89633949
2458888.97238836 1.00003441 0.00057332 0.89772836
2458888.97377722 0.99879678 0.00057296 0.89911722
2458888.97516608 0.99930509 0.00057354 0.90050608
2458888.97655494 0.99706499 0.00057284 0.90189494
2458888.97794381 1.00461743 0.00057437 0.90328381
2458888.97933267 0.99653903 0.00057338 0.90467267
2458888.98072153 0.99990661 0.00057311 0.90606153
2458888.98211040 1.00079004 0.00057334 0.90745040
2458888.98349926 1.00311989 0.00057373 0.90883926
2458888.98488812 0.99791633 0.00057294 0.91022812
2458888.98627699 0.99739443 0.00057289 0.91161699
2458888.98766585 1.00266700 0.00057462 0.91300585
2458888.98905471 0.99509785 0.00057220 0.91439471
2458888.99044358 1.00354894 0.00057448 0.91578358
2458888.99183244 1.00165504 0.00057235 0.91717244
2458888.99322130 0.99977987 0.00057325 0.91856130
2458888.99461016 0.99933067 0.00057386 0.91995016
2458888.99599903 0.99528566 0.00057243 0.92133903
2458888.99738789 1.00074400 0.00057285 0.92272789
2458888.99877675 1.00156964 0.00057355 0.92411675
2458889.00016562 0.99979037 0.00057322 0.92550562
2458889.00155448 1.00029963 0.00057380 0.92689448
2458889.00294334 1.00283923 0.00057272 0.92828334
2458889.00433221 0.99864005 0.00057357 0.92967221
2458889.00572107 1.00093281 0.00057342 0.93106107
2458889.00710993 0.99966823 0.00057245 0.93244993
2458889.00849880 1.00253317 0.00057383 0.93383880
2458889.00988766 0.99653336 0.00057320 0.93522766
2458889.01127652 0.99302922 0.00057183 0.93661652
2458889.01266538 0.99983713 0.00057361 0.93800538
2458889.01405425 0.99957650 0.00057333 0.93939425
2458889.01544311 0.99890539 0.00057290 0.94078311
2458889.01683197 0.99809555 0.00057306 0.94217197
2458889.01822084 0.99711294 0.00057270 0.94356084
2458889.01960970 1.00106772 0.00057325 0.94494970
2458889.02099856 0.99863284 0.00057357 0.94633856
2458889.02238743 0.99671216 0.00057312 0.94772743
2458889.02377629 0.99355577 0.00057231 0.94911629
2458889.02516515 0.99970902 0.00057297 0.95050515
2458889.02655401 1.00065358 0.00057385 0.95189401
2458889.02794288 1.00118306 0.00057298 0.95328288
2458889.02933174 0.99416498 0.00057251 0.95467174
2458889.03072060 0.99865347 0.00057369 0.95606060
2458889.03210947 0.99371119 0.00057302 0.95744947
2458889.03349833 0.99926561 0.00057303 0.95883833
2458889.03488719 0.99830059 0.00057350 0.96022719
2458889.03627606 0.99632475 0.00057277 0.96161606
2458889.03766492 1.00067231 0.00057346 0.96300492
2458889.03905378 0.99686824 0.00057262 0.96439378
2458889.04044264 1.00141505 0.00057276 0.96578264
2458889.04183151 0.99780988 0.00057328 0.96717151
2458889.04322037 1.00035086 0.00057266 0.96856037
2458889.04460923 1.00176227 0.00057338 0.96994923
2458889.04599810 0.99660863 0.00057210 0.97133810
2458889.04738696 0.99760949 0.00057367 0.97272696
2458889.04877582 1.00033756 0.00057348 0.97411582
2458889.05016469 1.00416990 0.00057222 0.97550469
2458889.05155355 1.00046262 0.00057374 0.97689355
2458889.05294241 0.99328841 0.00057229 0.97828241
2458889.05433127 0.99750137 0.00057307 0.97967127
2458889.05572014 0.99863057 0.00057255 0.98106014
2458889.05710900 1.00236534 0.00057408 0.98244900
2458889.05849786 0.99728953 0.00057280 0.98383786
2458889.05988673 1.00320375 0.00057408 0.98522673
2458889.06127559 1.00041061 0.00057355 0.98661559
2458889.06266445 1.00190648 0.00057352 0.98800445
2458889.06405331 0.99648386 0.00057299 0.98939331
2458889.06544218 0.99838360 0.00057324 0.99078218
2458889.06683104 1.00105996 0.00057351 0.99217104
2458889.06821990 0.99640854 0.00057353 0.99355990
2458889.06960877 1.00330597 0.00057318 0.99494877
2458889.07099763 0.99967252 0.00057348 0.99633763
2458889.07238649 0.99623803 0.00057289 0.99772649
2458889.07377535 0.99904083 0.00057365 0.99911535
