2.458738673794330098e+06 1.001138682631516730e+00 1.175615277918638053e-03
2.458738694627183024e+06 1.002354528414287627e+00 1.175615277918638053e-03
2.458738715460038278e+06 1.002378928838244532e+00 1.175615277918638053e-03
2.458738736292894930e+06 1.000942041529260251e+00 1.175615277918638053e-03
2.458738757125753444e+06 9.973537410690528349e-01 1.175615277918638053e-03
2.458738777958613355e+06 9.950650471487173521e-01 1.175615277918638053e-03
2.458738798791475128e+06 9.944340034591249156e-01 1.175615277918638053e-03
2.458738819624338765e+06 9.943352429023448735e-01 1.175615277918638053e-03
2.458738840457203798e+06 9.946003176588971151e-01 1.175615277918638053e-03
2.458738861290070228e+06 9.946328552361199948e-01 1.175615277918638053e-03
2.458738882122938056e+06 9.976118476854439754e-01 1.175615277918638053e-03
2.458738902955807745e+06 9.996893686795044198e-01 1.175615277918638053e-03
2.458738923788678832e+06 9.992552256923550313e-01 1.175615277918638053e-03
2.458738944621551316e+06 9.999987799716001380e-01 1.175615277918638053e-03
2.458738965454425663e+06 9.997626821125619179e-01 1.175615277918638053e-03
2.458738986287300941e+06 9.987160359702361712e-01 1.175615277918638053e-03
2.458746048677993938e+06 9.980907283106569272e-01 1.175615277918638053e-03
2.458746069511107635e+06 9.983539322991229481e-01 1.175615277918638053e-03
2.458746090344221331e+06 1.000931369068951415e+00 1.175615277918638053e-03
2.458746111177335959e+06 1.001318555791879117e+00 1.175615277918638053e-03
2.458746132010451052e+06 1.001220827313950013e+00 1.175615277918638053e-03
2.458746152843566611e+06 9.977156449579785980e-01 1.175615277918638053e-03
2.458746173676682636e+06 9.984842729315472898e-01 1.175615277918638053e-03
2.458746194509799592e+06 9.954506820503813413e-01 1.175615277918638053e-03
2.458746215342916548e+06 9.940419895133103534e-01 1.175615277918638053e-03
2.458746236176033970e+06 9.933340276641680067e-01 1.175615277918638053e-03
2.458746257009152323e+06 9.922854256396338446e-01 1.175615277918638053e-03
2.458746277842271142e+06 9.935276645504834692e-01 1.175615277918638053e-03
2.458746298675390426e+06 9.955214498231602649e-01 1.175615277918638053e-03
2.458746319508510176e+06 9.980502942507052389e-01 1.175615277918638053e-03
2.458746340341630392e+06 1.001104005866436442e+00 1.175615277918638053e-03
2.458746361174751073e+06 1.001671070877990566e+00 1.175615277918638053e-03
2.458746382007872220e+06 1.001289284313263250e+00 1.175615277918638053e-03
2.458746402840994298e+06 1.001028369182136446e+00 1.175615277918638053e-03
2.458746423674116377e+06 9.997353056996737264e-01 1.175615277918638053e-03
2.458753486116991378e+06 1.001497402838191109e+00 1.175615277918638053e-03
2.458753506950239651e+06 9.988121686315373227e-01 1.175615277918638053e-03
2.458753527783488855e+06 9.996307866411558996e-01 1.175615277918638053e-03
2.458753548616738524e+06 1.002512158354010641e+00 1.175615277918638053e-03
2.458753569449989591e+06 9.986068648913858370e-01 1.175615277918638053e-03
2.458753590283241123e+06 9.981014300894021085e-01 1.175615277918638053e-03
2.458753611116493586e+06 9.973035791417119711e-01 1.175615277918638053e-03
2.458753631949746981e+06 9.925675749416484894e-01 1.175615277918638053e-03
2.458753652783000842e+06 9.933724207887600910e-01 1.175615277918638053e-03
2.458753673616256099e+06 9.923916058188863021e-01 1.175615277918638053e-03
2.458753694449511822e+06 9.920168252549296239e-01 1.175615277918638053e-03
2.458753715282768477e+06 9.926548498080927097e-01 1.175615277918638053e-03
2.458753736116025597e+06 9.965321379072438202e-01 1.175615277918638053e-03
2.458753756949284114e+06 1.001176006265952045e+00 1.175615277918638053e-03
2.458753777782543097e+06 9.982788487129545807e-01 1.175615277918638053e-03
2.458753798615802545e+06 1.001824245542668246e+00 1.175615277918638053e-03
2.458753819449063390e+06 9.985656239464547612e-01 1.175615277918638053e-03
2.458753840282324702e+06 1.002358717325257720e+00 1.175615277918638053e-03
2.458753861115586944e+06 9.991977779819004590e-01 1.175615277918638053e-03
2.458760923628766090e+06 1.002061117169920523e+00 1.175615277918638053e-03
2.458760944462235086e+06 1.000836680277148671e+00 1.175615277918638053e-03
2.458760965295704082e+06 1.000080888481333030e+00 1.175615277918638053e-03
2.458760986129174009e+06 9.999038837879850039e-01 1.175615277918638053e-03
2.458761006962644402e+06 9.980438847615062947e-01 1.175615277918638053e-03
2.458761027796115261e+06 1.001434235786623050e+00 1.175615277918638053e-03
2.458761048629586585e+06 9.953028713863238952e-01 1.175615277918638053e-03
2.458761069463057909e+06 9.944251614163579500e-01 1.175615277918638053e-03
2.458761090296530165e+06 9.943673406476635224e-01 1.175615277918638053e-03
2.458761111130002886e+06 9.934916974109402332e-01 1.175615277918638053e-03
2.458761131963476073e+06 9.946680062050918814e-01 1.175615277918638053e-03
2.458761152796949726e+06 9.948306126765871227e-01 1.175615277918638053e-03
2.458761173630423844e+06 9.999425085117427114e-01 1.175615277918638053e-03
2.458761194463898893e+06 1.001809586970950239e+00 1.175615277918638053e-03
2.458761215297373943e+06 1.001720138849420794e+00 1.175615277918638053e-03
2.458761236130849458e+06 9.993659408602861838e-01 1.175615277918638053e-03
2.458761256964325439e+06 9.977977250287700661e-01 1.175615277918638053e-03
2.458761277797802351e+06 1.002698116513677906e+00 1.175615277918638053e-03
2.458761298631279264e+06 1.001665982718890957e+00 1.175615277918638053e-03
