2.458931889620344620e+06 1.001394003869679139e+00 9.972084824038563063e-04
2.458931910453802440e+06 1.002776429012521842e+00 9.972084824038563063e-04
2.458931931287260726e+06 9.999224355993286961e-01 9.972084824038563063e-04
2.458931952120717615e+06 9.996548651179447686e-01 9.972084824038563063e-04
2.458931972954174969e+06 1.001089842776406114e+00 9.972084824038563063e-04
2.458931993787631858e+06 9.996752962241940432e-01 9.972084824038563063e-04
2.458932014621088281e+06 9.980873150670087623e-01 9.972084824038563063e-04
2.458932035454544239e+06 9.956125376609362698e-01 9.972084824038563063e-04
2.458932056288000196e+06 9.949592009098575662e-01 9.972084824038563063e-04
2.458932097954910249e+06 9.932821491439867145e-01 9.972084824038563063e-04
2.458932118788365275e+06 9.948729414744129640e-01 9.972084824038563063e-04
2.458932139621819835e+06 9.989354696564711755e-01 9.972084824038563063e-04
2.458932160455273464e+06 1.001749668737909493e+00 9.972084824038563063e-04
2.458932181288727559e+06 9.993244247203492137e-01 9.972084824038563063e-04
2.458932202122180723e+06 1.001830071883784479e+00 9.972084824038563063e-04
2.458932222955633886e+06 1.002061667972361292e+00 9.972084824038563063e-04
2.458932243789086584e+06 9.977970563159805906e-01 9.972084824038563063e-04
2.458939327137760818e+06 1.000705938520290550e+00 9.972084824038563063e-04
2.458939347971045412e+06 1.000729297292429099e+00 9.972084824038563063e-04
2.458939368804329075e+06 1.000255401947202971e+00 9.972084824038563063e-04
2.458939389637612272e+06 1.000859508724142533e+00 9.972084824038563063e-04
2.458939410470894538e+06 9.973692828755341688e-01 9.972084824038563063e-04
2.458939431304175872e+06 9.999647899220363012e-01 9.972084824038563063e-04
2.458939452137456276e+06 9.972920232967384946e-01 9.972084824038563063e-04
2.458939472970735747e+06 9.945842124163226661e-01 9.972084824038563063e-04
2.458939493804014754e+06 9.930468863097847709e-01 9.972084824038563063e-04
2.458939514637292363e+06 9.934385096957309980e-01 9.972084824038563063e-04
2.458939535470569506e+06 9.938472743144449728e-01 9.972084824038563063e-04
2.458939556303845719e+06 9.946744037912588210e-01 9.972084824038563063e-04
2.458939577137120534e+06 9.973624614113805187e-01 9.972084824038563063e-04
2.458939597970394418e+06 9.998987084898764977e-01 9.972084824038563063e-04
2.458939618803667836e+06 1.001255811358609416e+00 9.972084824038563063e-04
2.458939639636939857e+06 9.995866679568121693e-01 9.972084824038563063e-04
2.458939660470211413e+06 9.997017531127597723e-01 9.972084824038563063e-04
2.458939681303481571e+06 9.991374953355878219e-01 9.972084824038563063e-04
2.458946743738923687e+06 1.000595886965726988e+00 9.972084824038563063e-04
2.458946764572030865e+06 1.001451120961750041e+00 9.972084824038563063e-04
2.458946785405138042e+06 9.998607617855093110e-01 9.972084824038563063e-04
2.458946806238244753e+06 9.990295329312255390e-01 9.972084824038563063e-04
2.458946827071350999e+06 1.000570414376357409e+00 9.972084824038563063e-04
2.458946847904457245e+06 9.991347647014166000e-01 9.972084824038563063e-04
2.458946868737562560e+06 9.994420460902759817e-01 9.972084824038563063e-04
2.458946889570667874e+06 9.948818490026181127e-01 9.972084824038563063e-04
2.458946910403772723e+06 9.934803889946581812e-01 9.972084824038563063e-04
2.458946931236877572e+06 9.929821428957272822e-01 9.972084824038563063e-04
2.458946972903085407e+06 9.964109446461526520e-01 9.972084824038563063e-04
2.458946993736188859e+06 9.950176417201954671e-01 9.972084824038563063e-04
2.458947014569291845e+06 1.001692303115418126e+00 9.972084824038563063e-04
2.458947035402394831e+06 1.000688962077580513e+00 9.972084824038563063e-04
2.458947056235497352e+06 1.001437816979168005e+00 9.972084824038563063e-04
2.458947077068599407e+06 1.002571558638998495e+00 9.972084824038563063e-04
2.458947097901700996e+06 1.001181095549594113e+00 9.972084824038563063e-04
2.458947118734802585e+06 1.001822967096593464e+00 9.972084824038563063e-04
2.458954181131192017e+06 1.001821047335163195e+00 9.972084824038563063e-04
2.458954201964117587e+06 9.991300239436964326e-01 9.972084824038563063e-04
2.458954222797041759e+06 9.990386529250598890e-01 9.972084824038563063e-04
2.458954243629965000e+06 1.002109101051771090e+00 9.972084824038563063e-04
2.458954264462886844e+06 9.995299520514164815e-01 9.972084824038563063e-04
2.458954285295807291e+06 9.989271410725224509e-01 9.972084824038563063e-04
2.458954306128726806e+06 9.979638618542657769e-01 9.972084824038563063e-04
2.458954326961644460e+06 9.922739838236376286e-01 9.972084824038563063e-04
2.458954347794561181e+06 9.945109790903988722e-01 9.972084824038563063e-04
2.458954389460389502e+06 9.950496632110619188e-01 9.972084824038563063e-04
2.458954410293301567e+06 9.952013961563849209e-01 9.972084824038563063e-04
2.458954431126212236e+06 9.973324870557360722e-01 9.972084824038563063e-04
2.458954451959121041e+06 9.999773949958843389e-01 9.972084824038563063e-04
2.458954472792028449e+06 1.000241565178187519e+00 9.972084824038563063e-04
2.458954493624934461e+06 1.001141438604733924e+00 9.972084824038563063e-04
2.458954514457838144e+06 9.991611282280861150e-01 9.972084824038563063e-04
2.458954535290740430e+06 1.001246347336761211e+00 9.972084824038563063e-04
2.458954556123640854e+06 1.001487136803866251e+00 9.972084824038563063e-04
