#BJD_TDB	rel_flux_T1_n	rel_flux_err_T1_n	AIRMASS	X(FITS)_T1
2459697.631050	0.997200	0.001710	1.466906	512.740138
2459697.631606	0.994867	0.001693	1.462780	512.438274
2459697.632150	0.997600	0.001693	1.458771	512.847456
2459697.632705	0.997435	0.001687	1.454708	512.445838
2459697.633249	0.996489	0.001675	1.450760	512.506236
2459697.633793	0.998652	0.001669	1.446842	512.318464
2459697.634314	0.994743	0.001657	1.443119	512.380046
2459697.634858	0.996166	0.001657	1.439258	512.406236
2459697.635402	0.996589	0.001646	1.435427	512.003207
2459697.635934	0.997964	0.001646	1.431705	512.142237
2459697.636490	0.995578	0.001640	1.427851	511.748308
2459697.637034	0.994238	0.001634	1.424105	511.556305
2459697.637578	0.996894	0.001634	1.420388	511.836568
2459697.638099	0.996542	0.001634	1.416854	512.046552
2459697.638654	0.995237	0.001628	1.413114	511.530133
2459697.639186	0.999310	0.001634	1.409555	511.789619
2459697.639742	0.997611	0.001628	1.405870	511.944665
2459697.640298	0.998129	0.001628	1.402213	511.814726
2459697.640842	0.995302	0.001622	1.398659	511.923453
2459697.641385	0.997894	0.001622	1.395132	511.886435
2459697.641929	1.000186	0.001622	1.391630	511.588602
2459697.642473	0.996777	0.001616	1.388155	512.084482
2459697.643006	0.998299	0.001610	1.384779	512.079474
2459697.643550	0.997276	0.001610	1.381354	511.683968
2459697.644094	0.997993	0.001605	1.377955	511.820263
2459697.644638	0.993174	0.001605	1.374581	512.099214
2459697.645182	0.992821	0.001605	1.371232	511.836286
2459697.645714	0.995995	0.001605	1.367978	511.896379
2459697.646258	0.993844	0.001599	1.364678	511.778476
2459697.646814	0.991481	0.001599	1.361333	511.908657
2459697.647358	0.995884	0.001605	1.358082	511.737090
2459697.647901	0.994432	0.001605	1.354855	512.153957
2459697.648445	0.994214	0.001599	1.351651	512.090064
2459697.648978	0.994079	0.001599	1.348539	512.001664
2459697.649522	0.995960	0.001599	1.345382	511.948119
2459697.650077	0.995884	0.001599	1.342181	511.946159
2459697.650621	0.994908	0.001593	1.339071	512.389107
2459697.651154	0.994449	0.001599	1.336049	512.415806
2459697.651698	0.996930	0.001599	1.332984	512.000903
2459697.652242	0.993879	0.001605	1.329941	512.200619
2459697.652797	0.994473	0.001599	1.326857	512.703507
2459697.653330	0.992175	0.001599	1.323922	512.164116
2459697.653862	0.993321	0.001605	1.321009	512.480233
2459697.654406	0.990359	0.001599	1.318054	512.592211
2459697.654961	0.991076	0.001605	1.315058	512.609638
2459697.655517	0.994426	0.001610	1.312085	512.532873
2459697.656073	0.994261	0.001605	1.309134	512.645142
2459697.656605	0.994520	0.001605	1.306327	512.690254
2459697.657137	0.995366	0.001605	1.303540	512.497747
2459697.657716	0.994826	0.001605	1.300532	512.521842
2459697.658248	0.989142	0.001593	1.297787	512.533462
2459697.658792	0.993221	0.001599	1.295001	512.089811
2459697.659336	0.989801	0.001593	1.292236	512.296695
2459697.659903	0.995778	0.001599	1.289375	512.659283
2459697.660436	0.992087	0.001599	1.286709	512.554347
2459697.660991	0.995460	0.001599	1.283948	512.781988
2459697.661524	0.993774	0.001593	1.281320	512.603572
2459697.662068	0.994796	0.001599	1.278655	512.390129
2459697.662612	0.989324	0.001587	1.276010	512.588629
2459697.663156	0.993092	0.001593	1.273383	512.577966
2459697.663700	0.992939	0.001599	1.270776	512.616718
2459697.664232	0.992698	0.001593	1.268243	512.420928
2459697.664764	0.988913	0.001587	1.265728	512.860449
2459697.665320	0.990694	0.001593	1.263123	512.708860
2459697.665852	0.993979	0.001593	1.260645	512.569281
2459697.666396	0.995842	0.001593	1.258131	512.701588
2459697.666940	0.993151	0.001593	1.255635	512.651847
2459697.667484	0.998323	0.001593	1.253157	512.554257
2459697.668028	0.991834	0.001587	1.250698	512.536968
2459697.668572	0.994667	0.001587	1.248257	512.704761
2459697.669104	0.992334	0.001581	1.245885	512.150630
2459697.669648	0.997805	0.001587	1.243479	512.329867
2459697.670216	0.993115	0.001581	1.240989	512.342816
2459697.670748	0.990676	0.001581	1.238669	512.720860
2459697.671303	0.997318	0.001581	1.236266	512.559302
2459697.671847	0.993903	0.001575	1.233931	512.414826
2459697.672380	0.992639	0.001575	1.231661	512.508336
2459697.672924	0.996718	0.001581	1.229360	512.480778
2459697.673468	0.991910	0.001581	1.227075	512.470188
2459697.674012	0.995031	0.001581	1.224807	512.115436
2459697.674556	0.993879	0.001581	1.222555	512.326900
2459697.675100	0.995290	0.001581	1.220321	512.476066
2459697.675632	0.994696	0.001575	1.218149	512.233728
2459697.676164	0.994538	0.001581	1.215994	512.086561
2459697.676720	0.998317	0.001581	1.213761	512.397764
2459697.677252	0.996871	0.001581	1.211637	511.849350
2459697.677796	0.992369	0.001575	1.209483	511.866100
2459697.678340	0.999351	0.001581	1.207345	512.093906
2459697.678907	0.993403	0.001581	1.205132	511.971800
2459697.679463	0.993685	0.001575	1.202981	511.765751
2459697.679995	0.993527	0.001575	1.200936	511.867289
2459697.680551	0.995067	0.001581	1.198817	511.998516
2459697.681106	0.994056	0.001581	1.196714	512.192183
2459697.681650	0.987990	0.001569	1.194670	512.094956
2459697.682194	0.994496	0.001575	1.192642	511.803465
2459697.682738	0.990018	0.001569	1.190629	512.029775
2459697.683271	0.996659	0.001575	1.188673	512.293370
2459697.683815	0.991775	0.001569	1.186690	511.881186
2459697.684359	0.993574	0.001569	1.184721	512.168196
2459697.684914	0.992281	0.001575	1.182726	512.020431
2459697.685447	0.995678	0.001575	1.180828	511.977671
2459697.685991	0.992263	0.001569	1.178904	512.128166
2459697.686523	0.994444	0.001569	1.177034	512.446328
2459697.687067	0.997829	0.001575	1.175138	512.158612
2459697.687622	0.995460	0.001569	1.173216	512.421218
2459697.688155	0.994214	0.001569	1.171389	512.239033
2459697.688699	0.991669	0.001569	1.169536	511.980254
2459697.689231	0.992569	0.001563	1.167735	511.960273
2459697.689775	0.993203	0.001569	1.165910	512.335114
2459697.690342	0.991534	0.001563	1.164021	512.242790
2459697.690886	0.995384	0.001569	1.162224	512.115960
2459697.691430	0.987973	0.001557	1.160441	512.674894
2459697.691974	0.990999	0.001563	1.158671	512.580666
2459697.692518	0.992816	0.001563	1.156915	512.729829
2459697.693062	0.992422	0.001563	1.155172	512.957429
2459697.693594	0.989395	0.001557	1.153479	512.382987
2459697.694150	0.993709	0.001557	1.151726	512.661254
2459697.694682	0.991082	0.001557	1.150060	512.828056
2459697.695226	0.992898	0.001557	1.148370	512.748861
2459697.695770	0.993803	0.001557	1.146693	512.545488
2459697.696303	0.989642	0.001557	1.145065	512.928112
2459697.696847	0.994003	0.001557	1.143414	512.512336
2459697.697391	0.991293	0.001557	1.141776	513.000954
2459697.697935	0.993562	0.001552	1.140151	512.757764
2459697.698490	0.994314	0.001552	1.138504	512.492266
2459697.699034	0.994191	0.001552	1.136904	512.668027
2459697.699578	0.992798	0.001552	1.135318	512.826462
2459697.700110	0.991528	0.001552	1.133777	512.765569
2459697.700666	0.991252	0.001552	1.132181	512.946551
2459697.701210	0.992163	0.001546	1.130632	513.154763
2459697.701742	0.992716	0.001552	1.129128	512.546746
2459697.702286	0.991858	0.001552	1.127602	512.777294
2459697.702830	0.989959	0.001552	1.126090	512.836610
2459697.703363	0.990406	0.001546	1.124621	512.688760
2459697.703907	0.993109	0.001552	1.123132	512.610676
2459697.704451	0.992451	0.001552	1.121655	513.139862
2459697.704995	0.993891	0.001552	1.120191	512.446650
2459697.705538	0.994350	0.001552	1.118738	512.666663
2459697.706071	0.989266	0.001546	1.117327	512.910785
2459697.706615	0.995161	0.001552	1.115898	512.596988
2459697.707159	0.987367	0.001546	1.114480	512.600514
2459697.707703	0.991869	0.001546	1.113074	512.788285
2459697.708247	0.995102	0.001552	1.111679	512.651506
2459697.708779	0.992228	0.001546	1.110326	512.539015
2459697.709335	0.990806	0.001546	1.108925	512.739094
2459697.709867	0.989659	0.001546	1.107594	512.507931
2459697.710411	0.992316	0.001552	1.106245	512.118455
2459697.710955	0.991722	0.001552	1.104908	512.346199
2459697.711487	0.993538	0.001546	1.103610	512.091640
2459697.712031	0.988255	0.001546	1.102295	512.181094
2459697.712575	0.995119	0.001546	1.100991	511.904251
2459697.713119	0.988807	0.001546	1.099698	511.941749
2459697.713663	0.992933	0.001552	1.098416	512.141514
2459697.714207	0.991846	0.001546	1.097145	511.918918
2459697.714751	0.991264	0.001546	1.095885	512.256147
2459697.715295	0.994573	0.001546	1.094636	511.966453
2459697.715839	0.993386	0.001552	1.093398	512.227884
2459697.716395	0.991205	0.001546	1.092145	512.123694
2459697.716939	0.993750	0.001546	1.090929	511.818921
2459697.717483	0.992492	0.001546	1.089724	512.150319
2459697.718050	0.993474	0.001546	1.088478	511.852839
2459697.718594	0.991605	0.001546	1.087294	511.998497
2459697.719138	0.992175	0.001546	1.086121	512.487883
2459697.719682	0.991769	0.001546	1.084959	512.061439
2459697.720225	0.994191	0.001552	1.083806	512.262061
2459697.720758	0.994185	0.001546	1.082689	512.037199
2459697.721302	0.993691	0.001546	1.081557	512.039257
2459697.721846	0.991440	0.001546	1.080436	512.240458
2459697.722378	0.992992	0.001546	1.079349	512.234130
2459697.722934	0.993591	0.001552	1.078225	512.329574
2459697.723466	0.992498	0.001546	1.077157	512.065988
2459697.724010	0.992522	0.001546	1.076077	511.984678
2459697.724554	0.991952	0.001546	1.075007	512.219403
2459697.725098	0.990711	0.001546	1.073946	512.147257
2459697.725630	0.988784	0.001546	1.072919	512.577735
2459697.726186	0.991058	0.001546	1.071856	512.784115
2459697.726718	0.992651	0.001546	1.070848	512.346629
2459697.727262	0.988366	0.001546	1.069827	512.152934
2459697.727806	0.990717	0.001540	1.068817	512.745593
2459697.728339	0.990829	0.001540	1.067837	512.170429
2459697.728894	0.992692	0.001546	1.066825	512.760365
2459697.729438	0.992569	0.001546	1.065844	512.832304
2459697.729971	0.990153	0.001540	1.064893	512.753766
2459697.730515	0.992046	0.001546	1.063932	512.866234
2459697.731058	0.994508	0.001546	1.062979	512.809208
2459697.731591	0.993474	0.001546	1.062057	512.530441
2459697.732146	0.988901	0.001540	1.061104	512.884795
2459697.732714	0.991141	0.001546	1.060142	512.691834
2459697.733246	0.991329	0.001540	1.059247	512.830640
2459697.733790	0.989918	0.001540	1.058343	512.671899
2459697.734334	0.994167	0.001546	1.057449	512.893066
2459697.734866	0.991758	0.001546	1.056582	512.628065
2459697.735399	0.988678	0.001540	1.055725	512.886979
2459697.735943	0.989436	0.001540	1.054858	512.934738
2459697.736487	0.992169	0.001546	1.054000	512.365792
2459697.737019	0.991129	0.001540	1.053170	512.546519
2459697.737574	0.992539	0.001540	1.052313	512.840474
2459697.738118	0.989636	0.001540	1.051483	512.596577
2459697.738662	0.993597	0.001546	1.050663	512.811306
2459697.739206	0.992780	0.001540	1.049851	512.877514
2459697.739773	0.989166	0.001540	1.049015	513.030739
2459697.740306	0.990935	0.001540	1.048239	512.551996
2459697.740850	0.992140	0.001540	1.047455	513.026473
2459697.741405	0.988795	0.001540	1.046664	512.750946
2459697.741938	0.989842	0.001540	1.045915	512.910699
2459697.742482	0.991758	0.001546	1.045158	512.946113
2459697.743037	0.989848	0.001540	1.044394	512.750020
2459697.743593	0.992387	0.001546	1.043640	513.072447
2459697.744137	0.990282	0.001540	1.042911	512.820264
2459697.744669	0.988478	0.001540	1.042205	512.866641
2459697.745225	1.005934	0.001557	1.041478	513.180129
2459697.745757	0.992128	0.001540	1.040790	512.772895
2459697.746301	0.995742	0.001546	1.040096	512.657938
2459697.746857	0.993521	0.001546	1.039396	512.697778
2459697.747389	0.991334	0.001546	1.038734	512.856426
2459697.747933	0.995143	0.001546	1.038066	512.099500
2459697.748477	0.992528	0.001540	1.037406	512.352524
2459697.749009	0.995613	0.001546	1.036769	512.590529
2459697.749565	0.993521	0.001546	1.036114	512.267669
2459697.750109	0.991646	0.001546	1.035480	512.244816
2459697.750641	0.991846	0.001546	1.034869	512.439250
2459697.751185	0.996900	0.001546	1.034253	512.002931
2459697.751729	0.994426	0.001546	1.033645	512.283389
2459697.752273	0.995102	0.001546	1.033046	512.273349
2459697.752817	0.996160	0.001546	1.032455	512.047151
2459697.753349	0.994931	0.001546	1.031885	512.336275
2459697.753893	0.994790	0.001546	1.031312	512.467516
2459697.754449	0.995261	0.001540	1.030734	512.273604
2459697.754993	0.992816	0.001540	1.030178	512.380659
2459697.755525	0.995678	0.001546	1.029641	512.031561
2459697.756058	0.995020	0.001540	1.029112	512.084524
2459697.756613	0.997512	0.001546	1.028569	512.541445
2459697.757146	0.996783	0.001546	1.028057	512.307279
2459697.757713	0.993727	0.001540	1.027520	512.142818
2459697.758257	0.997705	0.001540	1.027014	512.353940
2459697.758801	0.995801	0.001540	1.026516	512.202642
2459697.759333	0.996277	0.001546	1.026036	512.151891
2459697.759877	0.993597	0.001540	1.025555	512.559130
2459697.760432	0.995002	0.001540	1.025071	512.388767
2459697.760988	0.997247	0.001546	1.024597	512.140577
2459697.761532	0.992569	0.001540	1.024140	512.611433
2459697.762076	0.994614	0.001540	1.023692	512.765932
2459697.762620	0.994244	0.001540	1.023252	512.304757
2459697.763152	0.997705	0.001546	1.022829	512.711333
2459697.763708	0.993633	0.001540	1.022396	512.973576
2459697.764240	0.996436	0.001546	1.021989	512.729313
2459697.764784	0.996048	0.001546	1.021581	513.075753
2459697.765351	0.998511	0.001546	1.021165	513.211247
2459697.765884	0.996483	0.001546	1.020782	512.712562
2459697.766439	0.996060	0.001546	1.020391	512.631410
2459697.766972	0.997570	0.001552	1.020024	512.848417
2459697.767516	0.998223	0.001552	1.019657	512.458757
2459697.768071	0.998387	0.001546	1.019291	512.874585
2459697.768604	0.998146	0.001546	1.018947	512.999643
2459697.769147	0.997729	0.001546	1.018605	512.314811
2459697.769691	0.997876	0.001546	1.018270	512.815002
2459697.770235	0.994332	0.001540	1.017943	512.740200
2459697.770779	0.997259	0.001540	1.017624	512.761672
2459697.771323	1.001802	0.001546	1.017313	512.814728
2459697.771867	1.002490	0.001540	1.017011	512.566683
2459697.772446	0.999557	0.001540	1.016697	512.370979
2459697.772990	1.001784	0.001546	1.016411	512.435673
2459697.773534	1.001714	0.001546	1.016132	512.672929
2459697.774078	1.001443	0.001540	1.015862	512.640668
2459697.774622	1.004106	0.001546	1.015599	512.838298
2459697.775154	0.999263	0.001546	1.015350	512.902039
2459697.775710	1.002337	0.001546	1.015098	512.817473
2459697.776242	1.002830	0.001540	1.014864	512.960415
2459697.776798	0.999704	0.001540	1.014628	512.940496
2459697.777330	1.000809	0.001540	1.014410	513.052385
2459697.777874	1.000515	0.001540	1.014194	512.898752
2459697.778430	1.002478	0.001546	1.013983	513.043403
2459697.778985	1.003019	0.001546	1.013779	512.684863
2459697.779529	0.997676	0.001540	1.013587	513.182662
2459697.780073	0.997647	0.001540	1.013404	513.011968
2459697.780605	0.999680	0.001546	1.013232	512.717059
2459697.781161	0.996612	0.001540	1.013060	512.561826
2459697.781705	1.000832	0.001546	1.012900	512.797723
2459697.782249	1.000515	0.001546	1.012748	512.962025
2459697.782793	1.004888	0.001546	1.012604	512.938702
2459697.783348	0.999727	0.001540	1.012464	513.003018
2459697.783904	1.001549	0.001546	1.012333	512.514483
2459697.784448	1.003283	0.001546	1.012212	512.910177
2459697.784992	1.000491	0.001540	1.012099	512.911393
2459697.785536	1.003218	0.001546	1.011994	512.813445
2459697.786068	0.997235	0.001540	1.011899	513.121803
2459697.786612	1.001108	0.001540	1.011809	513.015314
2459697.787168	1.001332	0.001540	1.011726	512.608981
2459697.787712	1.002848	0.001546	1.011652	512.899020
2459697.788290	0.998540	0.001540	1.011582	512.620212
2459697.788846	1.000074	0.001540	1.011523	512.605170
2459697.789401	1.001150	0.001534	1.011472	512.613042
2459697.789934	1.001150	0.001540	1.011431	512.457394
2459697.790478	0.998493	0.001534	1.011397	512.040592
2459697.791022	0.999986	0.001534	1.011370	512.596561
2459697.791577	1.001849	0.001540	1.011351	512.633020
2459697.792121	1.000115	0.001540	1.011340	512.059960
2459697.792677	0.999545	0.001534	1.011337	512.267951
2459697.793232	1.000820	0.001534	1.011342	512.109341
2459697.793776	0.998663	0.001534	1.011355	512.224892
2459697.794320	0.998998	0.001534	1.011376	512.294985
2459697.794864	0.998364	0.001528	1.011404	512.123559
2459697.795420	1.002172	0.001534	1.011441	511.945160
2459697.795952	1.002349	0.001534	1.011484	512.351604
2459697.796508	1.002930	0.001534	1.011537	512.341907
2459697.797063	1.002078	0.001534	1.011598	512.072136
2459697.797607	0.998940	0.001534	1.011665	512.345657
2459697.798151	0.997100	0.001528	1.011741	512.190547
2459697.798684	0.998481	0.001534	1.011822	512.096135
2459697.799228	0.998581	0.001534	1.011913	512.095788
2459697.799771	0.993439	0.001528	1.012011	512.241512
2459697.800304	0.998834	0.001534	1.012115	512.088570
2459697.800848	0.995643	0.001534	1.012229	512.206057
2459697.801403	0.999328	0.001540	1.012354	512.495172
2459697.801947	0.999733	0.001540	1.012484	512.208001
2459697.802503	1.000080	0.001534	1.012624	512.199216
2459697.803058	0.998746	0.001540	1.012773	512.519069
2459697.803602	0.996806	0.001540	1.012927	512.304634
2459697.804181	0.999639	0.001540	1.013098	512.362982
2459697.804737	1.001620	0.001540	1.013272	512.485510
2459697.805257	1.000909	0.001540	1.013442	512.295251
2459697.805801	0.998569	0.001540	1.013627	512.363949
2459697.806357	1.001767	0.001540	1.013824	512.470976
2459697.806889	0.999792	0.001540	1.014021	512.159303
2459697.807422	1.002977	0.001540	1.014225	512.312641
2459697.807966	1.000009	0.001534	1.014442	512.475872
2459697.808510	0.995607	0.001534	1.014666	512.160465
2459697.809065	1.002125	0.001540	1.014904	512.401944
2459697.809598	0.997882	0.001534	1.015139	512.622325
2459697.810142	0.998187	0.001534	1.015387	512.533118
2459697.810685	1.001679	0.001540	1.015643	512.529404
2459697.811229	1.000297	0.001540	1.015907	512.988702
2459697.811773	0.999627	0.001534	1.016179	512.771610
2459697.812329	0.997946	0.001534	1.016464	513.191973
2459697.812873	0.999545	0.001534	1.016752	513.116468
2459697.813417	1.000480	0.001540	1.017048	512.575505
2459697.813961	0.999516	0.001534	1.017352	512.841930
2459697.814493	0.999851	0.001540	1.017657	513.025792
2459697.815037	0.999927	0.001534	1.017977	512.693431
2459697.815593	0.997476	0.001540	1.018311	512.736774
2459697.816137	0.998035	0.001540	1.018647	512.993520
