2.459645459897917695e+06 1.004822844530213644e+00 3.889310749623476129e-03
2.459645461286844220e+06 1.000259452249882441e+00 3.889310749623476129e-03
2.459645462675769813e+06 1.004700939488665679e+00 3.889310749623476129e-03
2.459645464064696338e+06 9.978430564954886561e-01 3.889310749623476129e-03
2.459645465453622397e+06 1.001501039443608354e+00 3.889310749623476129e-03
2.459645466842548456e+06 1.007258620514928538e+00 3.889310749623476129e-03
2.459645468231474515e+06 9.929575585411899441e-01 3.889310749623476129e-03
2.459645469620400574e+06 1.001266448081969296e+00 3.889310749623476129e-03
2.459645471009326633e+06 9.983968329303931633e-01 3.889310749623476129e-03
2.459645472398253158e+06 1.002997276389451686e+00 3.889310749623476129e-03
2.459645473787179217e+06 1.003503003113612513e+00 3.889310749623476129e-03
2.459645475176105276e+06 1.000806645483519608e+00 3.889310749623476129e-03
2.459645476565031335e+06 9.967436529995732375e-01 3.889310749623476129e-03
2.459645477953957394e+06 1.000129741964173480e+00 3.889310749623476129e-03
2.459645479342883453e+06 1.004102298314567543e+00 3.889310749623476129e-03
2.459645480731809512e+06 1.001255627966779915e+00 3.889310749623476129e-03
2.459645482120735571e+06 1.001378244094362158e+00 3.889310749623476129e-03
2.459645483509662095e+06 9.984844888600377111e-01 3.889310749623476129e-03
2.459645484898587689e+06 9.979448857702172271e-01 3.889310749623476129e-03
2.459645486287514213e+06 9.999722680932447982e-01 3.889310749623476129e-03
2.459645487676440272e+06 9.971973551200761232e-01 3.889310749623476129e-03
2.459645489065366331e+06 1.002476829308466710e+00 3.889310749623476129e-03
2.459645490454292390e+06 1.001282993585816516e+00 3.889310749623476129e-03
2.459645491843218450e+06 1.001143249149865744e+00 3.889310749623476129e-03
2.459645493232144509e+06 1.000291042273740549e+00 3.889310749623476129e-03
2.459645494621070568e+06 1.001459048430838994e+00 3.889310749623476129e-03
2.459645496009996627e+06 1.002042852184355848e+00 3.889310749623476129e-03
2.459645497398922686e+06 1.005842333337233940e+00 3.889310749623476129e-03
2.459645498787848745e+06 9.966842806991255133e-01 3.889310749623476129e-03
2.459645500176775269e+06 9.987843769779807257e-01 3.889310749623476129e-03
2.459645501565700863e+06 1.001162986089553231e+00 3.889310749623476129e-03
2.459645502954626922e+06 1.002600982551995257e+00 3.889310749623476129e-03
2.459645504343553446e+06 1.009173551426738369e+00 3.889310749623476129e-03
2.459645505732479040e+06 9.980015987179156056e-01 3.889310749623476129e-03
2.459645507121405564e+06 1.002548649252169577e+00 3.889310749623476129e-03
2.459645508510331623e+06 1.001034400687250026e+00 3.889310749623476129e-03
2.459645509899257682e+06 1.001529281109073022e+00 3.889310749623476129e-03
2.459645511288183741e+06 9.974992994854359196e-01 3.889310749623476129e-03
2.459645512677109800e+06 9.975118932659823301e-01 3.889310749623476129e-03
2.459645514066035859e+06 1.002143995326215897e+00 3.889310749623476129e-03
2.459645515454961918e+06 9.984439010900276745e-01 3.889310749623476129e-03
2.459645516843887977e+06 9.981387055399725261e-01 3.889310749623476129e-03
2.459645518232814036e+06 9.979005008168697621e-01 3.889310749623476129e-03
2.459645519621740095e+06 1.000052451889118288e+00 3.889310749623476129e-03
2.459645521010666154e+06 9.984102399694837482e-01 3.889310749623476129e-03
2.459645522399592213e+06 9.989575689380442158e-01 3.889310749623476129e-03
2.459645523788518272e+06 9.982673544871170090e-01 3.889310749623476129e-03
2.459645525177444331e+06 9.993073407977434153e-01 3.889310749623476129e-03
2.459645526566370390e+06 9.959323048949875190e-01 3.889310749623476129e-03
2.459645527955295984e+06 1.000603031556237976e+00 3.889310749623476129e-03
2.459645529344222508e+06 9.953953407748602489e-01 3.889310749623476129e-03
2.459645530733148567e+06 9.977322928426602955e-01 3.889310749623476129e-03
2.459645532122074161e+06 9.979595675652488396e-01 3.889310749623476129e-03
2.459645533511000220e+06 9.953813885498491443e-01 3.889310749623476129e-03
2.459645534899926744e+06 9.931622424000564608e-01 3.889310749623476129e-03
2.459645536288852803e+06 9.981388407042840472e-01 3.889310749623476129e-03
2.459645537677778397e+06 1.004514918774479293e+00 3.889310749623476129e-03
2.459645539066704456e+06 9.988865056113299667e-01 3.889310749623476129e-03
2.459645540455630515e+06 1.001815768948596475e+00 3.889310749623476129e-03
2.459645541844556574e+06 9.991227388747481175e-01 3.889310749623476129e-03
2.459645543233482633e+06 9.985237720765501868e-01 3.889310749623476129e-03
2.459645544622408692e+06 1.000488938252111604e+00 3.889310749623476129e-03
2.459645546011334751e+06 9.996978194153769426e-01 3.889310749623476129e-03
2.459645547400260810e+06 1.001782187025620274e+00 3.889310749623476129e-03
2.459645548789186869e+06 9.937211752729504521e-01 3.889310749623476129e-03
2.459645550178112462e+06 9.977038195234254614e-01 3.889310749623476129e-03
2.459645551567038521e+06 9.953720264872545354e-01 3.889310749623476129e-03
2.459645552955965046e+06 1.003078453384939284e+00 3.889310749623476129e-03
2.459645554344890639e+06 1.003426002715501086e+00 3.889310749623476129e-03
2.459645555733816698e+06 1.001766801736570622e+00 3.889310749623476129e-03
2.459645557122742757e+06 9.959399128353180197e-01 3.889310749623476129e-03
2.459645558511668816e+06 9.994630984476186031e-01 3.889310749623476129e-03
2.459645559900594875e+06 1.002733876240452737e+00 3.889310749623476129e-03
2.459645561289520934e+06 9.970791720821099435e-01 3.889310749623476129e-03
2.459645562678446993e+06 1.002592659996534685e+00 3.889310749623476129e-03
2.459645564067372587e+06 1.004126260888599909e+00 3.889310749623476129e-03
2.459645565456298646e+06 9.982760060203325070e-01 3.889310749623476129e-03
2.459645566845224705e+06 1.001441649567455405e+00 3.889310749623476129e-03
2.459645568234150764e+06 1.001857978119838899e+00 3.889310749623476129e-03
2.459645569623076823e+06 1.005106050057569034e+00 3.889310749623476129e-03
2.459645571012002882e+06 1.003584763567123561e+00 3.889310749623476129e-03
2.459645572400928475e+06 9.966490006263342138e-01 3.889310749623476129e-03
2.459645573789854534e+06 9.992372942098904920e-01 3.889310749623476129e-03
2.459645575178780593e+06 1.004666987698737302e+00 3.889310749623476129e-03
2.459645576567706652e+06 9.977857577816208190e-01 3.889310749623476129e-03
2.459645577956632711e+06 1.000489379256057187e+00 3.889310749623476129e-03
2.459645579345558770e+06 1.001807465436054256e+00 3.889310749623476129e-03
2.459645580734484363e+06 9.954428519370867035e-01 3.889310749623476129e-03
2.459645582123410422e+06 9.976961314702852412e-01 3.889310749623476129e-03
2.459645583512336481e+06 9.946572918755841597e-01 3.889310749623476129e-03
2.459645584901262540e+06 9.966812284224643159e-01 3.889310749623476129e-03
2.459645586290188599e+06 1.001725130097780969e+00 3.889310749623476129e-03
2.459645587679114658e+06 9.984478278933406337e-01 3.889310749623476129e-03
2.459645589068040717e+06 9.980962022224236785e-01 3.889310749623476129e-03
2.459645590456966311e+06 9.956109920134689206e-01 3.889310749623476129e-03
2.459645591845892370e+06 1.001813532122644457e+00 3.889310749623476129e-03
2.459645593234818429e+06 1.002567558671814130e+00 3.889310749623476129e-03
2.459645594623744022e+06 9.980189132400789642e-01 3.889310749623476129e-03
2.459645596012670081e+06 9.990306529485243336e-01 3.889310749623476129e-03
2.459645597401596140e+06 1.003405421051092539e+00 3.889310749623476129e-03
2.459645598790522199e+06 9.990983958108531349e-01 3.889310749623476129e-03
2.459645600179447792e+06 1.007321223807033483e+00 3.889310749623476129e-03
2.459645601568373851e+06 9.974105405058580898e-01 3.889310749623476129e-03
2.459645602957299910e+06 1.000195520676933070e+00 3.889310749623476129e-03
2.459645604346225969e+06 1.003762581769863660e+00 3.889310749623476129e-03
2.459645605735152029e+06 9.985195852781781900e-01 3.889310749623476129e-03
2.459645607124077622e+06 1.001402192154683624e+00 3.889310749623476129e-03
2.459645608513003681e+06 1.000786594706357446e+00 3.889310749623476129e-03
2.459645609901929740e+06 9.957656094567709504e-01 3.889310749623476129e-03
2.459645611290855333e+06 9.968812935081095006e-01 3.889310749623476129e-03
2.459645612679781392e+06 9.920796974755833331e-01 3.889310749623476129e-03
2.459645614068707451e+06 9.960640246482624915e-01 3.889310749623476129e-03
2.459645615457633510e+06 9.927270565092296550e-01 3.889310749623476129e-03
2.459645616846559104e+06 9.880263630922874185e-01 3.889310749623476129e-03
2.459645618235485163e+06 9.974934238700339240e-01 3.889310749623476129e-03
2.459645619624411222e+06 9.923241489186935826e-01 3.889310749623476129e-03
2.459645621013336815e+06 9.997352235555788669e-01 3.889310749623476129e-03
2.459645622402262874e+06 9.848141894554945930e-01 3.889310749623476129e-03
2.459645623791188933e+06 9.992819365741334448e-01 3.889310749623476129e-03
2.459645625180114526e+06 9.968876127439503243e-01 3.889310749623476129e-03
2.459645626569040585e+06 9.912580388755506400e-01 3.889310749623476129e-03
2.459645627957966644e+06 9.932960457596667903e-01 3.889310749623476129e-03
2.459645629346892238e+06 9.953927597372874692e-01 3.889310749623476129e-03
2.459645630735818297e+06 9.852047963345305082e-01 3.889310749623476129e-03
2.459645632124744356e+06 9.993250179520983822e-01 3.889310749623476129e-03
2.459645633513669949e+06 9.887955406466841790e-01 3.889310749623476129e-03
2.459645634902596008e+06 9.901241196718540971e-01 3.889310749623476129e-03
2.459645636291522067e+06 9.951382344803385571e-01 3.889310749623476129e-03
2.459645637680447660e+06 9.924654535892671881e-01 3.889310749623476129e-03
2.459645639069373719e+06 9.948305511288748626e-01 3.889310749623476129e-03
2.459645640458299778e+06 9.883092250826278624e-01 3.889310749623476129e-03
2.459645641847225372e+06 9.868127250695482022e-01 3.889310749623476129e-03
2.459645643236151431e+06 9.954358510897807211e-01 3.889310749623476129e-03
2.459645644625077490e+06 9.908436240266580430e-01 3.889310749623476129e-03
2.459645646014003083e+06 1.006572483898096060e+00 3.889310749623476129e-03
2.459645647402929142e+06 9.967784734327204132e-01 3.889310749623476129e-03
2.459645648791854735e+06 9.868227643152419626e-01 3.889310749623476129e-03
2.459645650180780794e+06 9.904911548834025581e-01 3.889310749623476129e-03
2.459645651569706388e+06 9.857070108390446617e-01 3.889310749623476129e-03
2.459645652958632447e+06 9.917589598899622105e-01 3.889310749623476129e-03
2.459645654347558506e+06 9.894527215691956146e-01 3.889310749623476129e-03
2.459645655736484099e+06 9.963818775899074831e-01 3.889310749623476129e-03
2.459645657125410158e+06 9.911041179724114913e-01 3.889310749623476129e-03
2.459645658514336217e+06 9.933561550323729561e-01 3.889310749623476129e-03
2.459645659903261811e+06 9.881551602995217731e-01 3.889310749623476129e-03
2.459645661292187870e+06 9.904755000995169034e-01 3.889310749623476129e-03
2.459645662681113463e+06 9.937937977719353277e-01 3.889310749623476129e-03
2.459645664070039056e+06 9.938979382177813848e-01 3.889310749623476129e-03
2.459645665458965115e+06 9.908311909495388647e-01 3.889310749623476129e-03
2.459645666847891174e+06 9.989909910745342625e-01 3.889310749623476129e-03
2.459645668236817233e+06 9.928120624040828179e-01 3.889310749623476129e-03
2.459645669625742827e+06 9.910536738469765128e-01 3.889310749623476129e-03
2.459645671014668886e+06 9.945459481955927217e-01 3.889310749623476129e-03
2.459645672403594479e+06 9.977471917143995173e-01 3.889310749623476129e-03
2.459645673792520072e+06 9.958969580652617948e-01 3.889310749623476129e-03
2.459645675181446131e+06 9.932986726681419798e-01 3.889310749623476129e-03
2.459645676570372190e+06 9.944421940494279077e-01 3.889310749623476129e-03
2.459645677959297784e+06 9.920534054760274945e-01 3.889310749623476129e-03
2.459645679348223843e+06 9.971074650088096458e-01 3.889310749623476129e-03
2.459645680737149436e+06 9.906226000746387594e-01 3.889310749623476129e-03
2.459645682126075029e+06 9.955849939806892257e-01 3.889310749623476129e-03
2.459645683515001088e+06 9.971787416974060569e-01 3.889310749623476129e-03
2.459645684903927147e+06 9.965224931755938265e-01 3.889310749623476129e-03
2.459645686292852741e+06 9.914565467236912122e-01 3.889310749623476129e-03
2.459645687681778800e+06 1.000383719012423844e+00 3.889310749623476129e-03
2.459645689070704393e+06 9.938304293350147534e-01 3.889310749623476129e-03
2.459645690459629986e+06 9.966556532689093695e-01 3.889310749623476129e-03
2.459645691848556045e+06 9.956092562721581274e-01 3.889310749623476129e-03
2.459645693237482104e+06 9.967462227105424732e-01 3.889310749623476129e-03
2.459645694626407698e+06 9.948524183942625276e-01 3.889310749623476129e-03
2.459645696015333291e+06 9.903234145471302430e-01 3.889310749623476129e-03
2.459645697404259350e+06 9.926896518267357417e-01 3.889310749623476129e-03
2.459645698793185409e+06 9.911879022641154613e-01 3.889310749623476129e-03
2.459645700182111003e+06 9.956290305445278932e-01 3.889310749623476129e-03
2.459645701571036596e+06 9.970323544849440944e-01 3.889310749623476129e-03
2.459645702959962655e+06 1.002587904083829695e+00 3.889310749623476129e-03
2.459645704348888248e+06 9.936137933961258772e-01 3.889310749623476129e-03
2.459645705737814307e+06 9.961311206407410523e-01 3.889310749623476129e-03
2.459645707126739901e+06 1.005593341523975948e+00 3.889310749623476129e-03
2.459645708515665494e+06 9.911668051961454173e-01 3.889310749623476129e-03
2.459645709904591553e+06 1.000624557066833065e+00 3.889310749623476129e-03
2.459645711293517612e+06 9.927718367431410673e-01 3.889310749623476129e-03
2.459645712682443205e+06 9.973035618031312888e-01 3.889310749623476129e-03
2.459645714071368799e+06 9.979960247737826862e-01 3.889310749623476129e-03
2.459645715460294858e+06 1.002061610889097398e+00 3.889310749623476129e-03
2.459645716849220451e+06 9.893660617915980282e-01 3.889310749623476129e-03
2.459645718238146044e+06 9.971582654721885541e-01 3.889310749623476129e-03
2.459645719627072103e+06 9.942042741740475531e-01 3.889310749623476129e-03
2.459645721015997697e+06 9.921757086446529872e-01 3.889310749623476129e-03
2.459645722404923756e+06 1.000147611650543000e+00 3.889310749623476129e-03
2.459645723793849349e+06 9.960971383189625161e-01 3.889310749623476129e-03
2.459645725182775408e+06 9.986785395683424049e-01 3.889310749623476129e-03
2.459645726571701001e+06 1.000696412661122636e+00 3.889310749623476129e-03
2.459645727960626595e+06 9.949403927500699574e-01 3.889310749623476129e-03
2.459645729349552654e+06 9.970697795529062102e-01 3.889310749623476129e-03
2.459645730738478247e+06 1.002825001384094916e+00 3.889310749623476129e-03
2.459645732127403840e+06 9.992728514072587442e-01 3.889310749623476129e-03
2.459645733516329899e+06 9.900551358354153786e-01 3.889310749623476129e-03
2.459645734905255493e+06 1.000048536127934984e+00 3.889310749623476129e-03
2.459645736294181086e+06 1.001376765475433306e+00 3.889310749623476129e-03
2.459645737683107145e+06 9.982095780944040264e-01 3.889310749623476129e-03
2.459645739072032738e+06 1.000019206032278785e+00 3.889310749623476129e-03
2.459645740460958332e+06 1.004601778288113367e+00 3.889310749623476129e-03
2.459645741849884391e+06 9.999354422576018919e-01 3.889310749623476129e-03
2.459645743238809984e+06 1.002223489319194805e+00 3.889310749623476129e-03
2.459645744627735578e+06 9.983592649840276056e-01 3.889310749623476129e-03
2.459645746016661637e+06 9.994025416114887816e-01 3.889310749623476129e-03
2.459645747405587230e+06 9.971336017517603567e-01 3.889310749623476129e-03
2.459645748794512823e+06 9.964954692739669273e-01 3.889310749623476129e-03
2.459645750183438882e+06 9.944843039830056908e-01 3.889310749623476129e-03
2.459645751572364476e+06 9.970413318346205145e-01 3.889310749623476129e-03
2.459645752961290069e+06 9.988467292984316570e-01 3.889310749623476129e-03
2.459645754350215662e+06 1.000205296776545794e+00 3.889310749623476129e-03
2.459645755739141721e+06 1.005648871947645517e+00 3.889310749623476129e-03
2.459645757128067315e+06 1.004275856766188912e+00 3.889310749623476129e-03
2.459645758516992908e+06 1.000291711845981757e+00 3.889310749623476129e-03
2.459645759905918967e+06 1.005126402127132446e+00 3.889310749623476129e-03
2.459645761294844560e+06 1.003842788402033781e+00 3.889310749623476129e-03
2.459645762683770154e+06 1.001513768800024407e+00 3.889310749623476129e-03
2.459645764072695747e+06 9.940439034767644122e-01 3.889310749623476129e-03
2.459645765461621340e+06 1.004764813637915477e+00 3.889310749623476129e-03
2.459645766850547399e+06 1.001601733655041349e+00 3.889310749623476129e-03
2.459645768239472993e+06 9.976992996204989694e-01 3.889310749623476129e-03
2.459645769628398586e+06 9.948678399842741937e-01 3.889310749623476129e-03
2.459645771017324179e+06 9.991931207506299373e-01 3.889310749623476129e-03
2.459645772406250238e+06 1.005084187072402546e+00 3.889310749623476129e-03
2.459645773795175832e+06 9.979297874483671338e-01 3.889310749623476129e-03
2.459645775184101425e+06 9.998989117461836162e-01 3.889310749623476129e-03
2.459645776573027018e+06 1.007696505237671847e+00 3.889310749623476129e-03
2.459645777961953077e+06 9.979009923441383156e-01 3.889310749623476129e-03
2.459645779350878671e+06 9.992433498899008226e-01 3.889310749623476129e-03
2.459645780739804264e+06 9.946373195766289310e-01 3.889310749623476129e-03
2.459645782128729858e+06 1.000143066242926038e+00 3.889310749623476129e-03
2.459645783517655451e+06 9.945957518677792653e-01 3.889310749623476129e-03
2.459645784906581510e+06 1.000005183640381823e+00 3.889310749623476129e-03
2.459645786295507103e+06 9.976623329946150420e-01 3.889310749623476129e-03
2.459645787684432697e+06 1.000395607031130396e+00 3.889310749623476129e-03
2.459645789073358290e+06 9.959254060223370342e-01 3.889310749623476129e-03
2.459645790462283883e+06 1.000603173622249153e+00 3.889310749623476129e-03
2.459645791851209477e+06 9.972023986138033314e-01 3.889310749623476129e-03
2.459645793240135536e+06 1.003010387149333882e+00 3.889310749623476129e-03
2.459645794629061129e+06 9.982852699820579101e-01 3.889310749623476129e-03
2.459645796017986722e+06 9.963502698649759903e-01 3.889310749623476129e-03
2.459645797406912316e+06 1.003703186234768729e+00 3.889310749623476129e-03
2.459645798795837909e+06 1.005199972614990944e+00 3.889310749623476129e-03
2.459645800184763968e+06 9.935420836008302947e-01 3.889310749623476129e-03
2.459645801573689561e+06 1.001598416709234440e+00 3.889310749623476129e-03
2.459645802962615155e+06 1.003399766227563550e+00 3.889310749623476129e-03
2.459645804351540748e+06 9.948302386960434784e-01 3.889310749623476129e-03
2.459645805740466341e+06 9.993460730876241316e-01 3.889310749623476129e-03
2.459645807129391935e+06 1.002661417119851794e+00 3.889310749623476129e-03
2.459645808518317528e+06 1.003178595742220125e+00 3.889310749623476129e-03
2.459645809907243121e+06 9.989350536958697679e-01 3.889310749623476129e-03
2.459645811296169180e+06 1.000369735974095287e+00 3.889310749623476129e-03
2.459645812685094774e+06 1.000018164486502492e+00 3.889310749623476129e-03
2.459645814074020367e+06 9.916021056162609426e-01 3.889310749623476129e-03
2.459645815462945960e+06 9.996119555322785510e-01 3.889310749623476129e-03
2.459645816851871554e+06 1.001040320499488656e+00 3.889310749623476129e-03
2.459645818240797147e+06 9.987891324823192640e-01 3.889310749623476129e-03
2.459645819629722741e+06 9.941885752005800159e-01 3.889310749623476129e-03
2.459645821018648334e+06 1.007673712894125106e+00 3.889310749623476129e-03
2.459645822407573927e+06 9.975888701486145260e-01 3.889310749623476129e-03
2.459645823796499521e+06 9.979263503374778965e-01 3.889310749623476129e-03
2.459645825185425114e+06 9.936041302564911915e-01 3.889310749623476129e-03
2.459645826574351173e+06 9.930857333967103573e-01 3.889310749623476129e-03
2.459645827963276301e+06 1.000039987535021879e+00 3.889310749623476129e-03
2.459645829352202360e+06 9.944778775056335451e-01 3.889310749623476129e-03
2.459645830741127953e+06 9.967317232551553552e-01 3.889310749623476129e-03
2.459645832130053546e+06 9.966354239909470669e-01 3.889310749623476129e-03
2.459645833518979140e+06 1.000743829531897999e+00 3.889310749623476129e-03
2.459645834907904733e+06 1.001189009918701744e+00 3.889310749623476129e-03
2.459645836296830326e+06 1.008923093525609271e+00 3.889310749623476129e-03
2.459645837685755920e+06 9.944584272689664939e-01 3.889310749623476129e-03
2.459645839074681513e+06 9.959692222240067450e-01 3.889310749623476129e-03
2.459645840463607106e+06 1.001569573755716425e+00 3.889310749623476129e-03
2.459645841852532700e+06 9.989871174904436657e-01 3.889310749623476129e-03
2.459645843241458293e+06 1.002123424828590625e+00 3.889310749623476129e-03
2.459645844630383886e+06 9.992384309392758901e-01 3.889310749623476129e-03
2.459645846019309480e+06 9.995614282697469211e-01 3.889310749623476129e-03
2.459660325415797997e+06 1.002475829681318764e+00 3.889310749623476129e-03
2.459660326804701239e+06 1.003664342673689314e+00 3.889310749623476129e-03
2.459660328193604015e+06 1.001905700013196121e+00 3.889310749623476129e-03
2.459660329582506791e+06 1.000119285910697542e+00 3.889310749623476129e-03
2.459660330971410032e+06 1.004279747851028359e+00 3.889310749623476129e-03
2.459660332360312808e+06 1.005464210066897790e+00 3.889310749623476129e-03
2.459660333749216050e+06 1.004101747042501325e+00 3.889310749623476129e-03
2.459660335138118826e+06 9.988386209456071585e-01 3.889310749623476129e-03
2.459660336527021602e+06 1.003931016772594109e+00 3.889310749623476129e-03
2.459660337915924843e+06 9.959145871783310344e-01 3.889310749623476129e-03
2.459660339304827619e+06 9.989587988048386213e-01 3.889310749623476129e-03
2.459660340693730861e+06 9.993532836334493297e-01 3.889310749623476129e-03
2.459660342082633637e+06 1.005918013828646318e+00 3.889310749623476129e-03
2.459660343471536878e+06 1.001239260817524457e+00 3.889310749623476129e-03
2.459660344860439654e+06 9.991430136233363513e-01 3.889310749623476129e-03
2.459660346249342430e+06 1.000093571149213822e+00 3.889310749623476129e-03
2.459660347638245672e+06 9.965103318101539154e-01 3.889310749623476129e-03
2.459660349027148448e+06 1.000819730721899559e+00 3.889310749623476129e-03
2.459660350416051690e+06 1.002301928248972462e+00 3.889310749623476129e-03
2.459660351804954465e+06 9.966624523193186036e-01 3.889310749623476129e-03
2.459660353193857707e+06 9.960166034111305189e-01 3.889310749623476129e-03
2.459660354582760483e+06 9.971678748237455814e-01 3.889310749623476129e-03
2.459660355971663259e+06 1.004723490756326276e+00 3.889310749623476129e-03
2.459660357360566501e+06 1.003257687337394177e+00 3.889310749623476129e-03
2.459660358749469277e+06 1.000531705104890756e+00 3.889310749623476129e-03
2.459660360138372052e+06 9.942536107236606968e-01 3.889310749623476129e-03
2.459660361527275294e+06 9.983292894138913187e-01 3.889310749623476129e-03
2.459660362916178070e+06 9.994772258105715235e-01 3.889310749623476129e-03
2.459660364305080846e+06 9.935695650178881788e-01 3.889310749623476129e-03
2.459660365693984088e+06 1.000372337847237336e+00 3.889310749623476129e-03
2.459660367082886863e+06 1.006735784857860194e+00 3.889310749623476129e-03
2.459660368471789639e+06 9.984981058161882528e-01 3.889310749623476129e-03
2.459660369860692881e+06 1.002387022456360244e+00 3.889310749623476129e-03
2.459660371249595657e+06 1.001771149560868546e+00 3.889310749623476129e-03
2.459660372638498433e+06 9.982765145415222197e-01 3.889310749623476129e-03
2.459660374027401675e+06 9.976899610070285584e-01 3.889310749623476129e-03
2.459660375416304450e+06 9.988892702040099714e-01 3.889310749623476129e-03
2.459660376805207226e+06 1.001479988394629705e+00 3.889310749623476129e-03
2.459660378194110468e+06 1.003047651638910853e+00 3.889310749623476129e-03
2.459660379583013244e+06 1.000029291512141372e+00 3.889310749623476129e-03
2.459660380971916020e+06 1.002202553184792455e+00 3.889310749623476129e-03
2.459660382360818796e+06 1.000440918005888413e+00 3.889310749623476129e-03
2.459660383749722037e+06 9.959651746296609431e-01 3.889310749623476129e-03
2.459660385138624813e+06 9.986356330999490716e-01 3.889310749623476129e-03
2.459660386527527589e+06 1.003896245009048505e+00 3.889310749623476129e-03
2.459660387916430831e+06 1.003053793398278826e+00 3.889310749623476129e-03
2.459660389305333607e+06 1.003021945113920843e+00 3.889310749623476129e-03
2.459660390694236383e+06 1.000874970371782524e+00 3.889310749623476129e-03
2.459660392083139159e+06 1.000184602802982159e+00 3.889310749623476129e-03
2.459660393472041935e+06 9.987243338587550312e-01 3.889310749623476129e-03
2.459660394860945176e+06 9.955621647286474474e-01 3.889310749623476129e-03
2.459660396249847952e+06 1.005881046820370717e+00 3.889310749623476129e-03
2.459660397638750728e+06 1.001543614404651006e+00 3.889310749623476129e-03
2.459660399027653504e+06 1.004401147437159914e+00 3.889310749623476129e-03
2.459660400416556746e+06 9.983342792037555036e-01 3.889310749623476129e-03
2.459660401805459522e+06 9.983006424108585852e-01 3.889310749623476129e-03
2.459660403194362298e+06 1.007169123610824002e+00 3.889310749623476129e-03
2.459660404583265539e+06 9.955811715142265372e-01 3.889310749623476129e-03
2.459660405972168315e+06 1.000275173646893112e+00 3.889310749623476129e-03
2.459660407361071091e+06 9.982557854051249402e-01 3.889310749623476129e-03
2.459660408749973867e+06 9.996183911863202320e-01 3.889310749623476129e-03
2.459660410138876643e+06 9.964366682532386221e-01 3.889310749623476129e-03
2.459660411527779419e+06 9.991247188813584534e-01 3.889310749623476129e-03
2.459660412916682661e+06 1.001629278737129480e+00 3.889310749623476129e-03
2.459660414305585437e+06 9.970418947474500859e-01 3.889310749623476129e-03
2.459660415694488212e+06 9.967796528008433521e-01 3.889310749623476129e-03
2.459660417083390988e+06 9.966374941005703425e-01 3.889310749623476129e-03
2.459660418472294230e+06 1.001657548515037632e+00 3.889310749623476129e-03
2.459660419861196540e+06 9.923944778599989025e-01 3.889310749623476129e-03
2.459660421250099782e+06 9.976088720303531998e-01 3.889310749623476129e-03
2.459660422639002558e+06 9.995892997575765992e-01 3.889310749623476129e-03
2.459660424027905334e+06 9.960028027832980024e-01 3.889310749623476129e-03
2.459660425416808110e+06 9.979629092719212169e-01 3.889310749623476129e-03
2.459660426805710886e+06 9.945060291552865195e-01 3.889310749623476129e-03
2.459660428194613662e+06 9.940685777919266997e-01 3.889310749623476129e-03
2.459660429583516438e+06 9.984504992850746774e-01 3.889310749623476129e-03
2.459660430972419679e+06 1.001474733349999369e+00 3.889310749623476129e-03
2.459660432361322455e+06 1.001957785198099193e+00 3.889310749623476129e-03
2.459660433750225231e+06 9.983742633596693894e-01 3.889310749623476129e-03
2.459660435139128007e+06 9.977350839208350974e-01 3.889310749623476129e-03
2.459660436528030783e+06 1.000037567003926098e+00 3.889310749623476129e-03
2.459660437916933559e+06 9.965673920400803798e-01 3.889310749623476129e-03
2.459660439305836335e+06 1.007836703862879491e+00 3.889310749623476129e-03
2.459660440694739576e+06 9.965513710517539536e-01 3.889310749623476129e-03
2.459660442083641887e+06 1.004546304002398083e+00 3.889310749623476129e-03
2.459660443472545128e+06 9.976872608143542154e-01 3.889310749623476129e-03
2.459660444861447904e+06 9.990276461135993991e-01 3.889310749623476129e-03
2.459660446250350680e+06 9.949972143898689891e-01 3.889310749623476129e-03
2.459660447639253456e+06 9.925948562279448550e-01 3.889310749623476129e-03
2.459660449028156232e+06 1.002513881008681107e+00 3.889310749623476129e-03
2.459660450417059008e+06 9.912656580381377092e-01 3.889310749623476129e-03
2.459660451805961784e+06 9.995169202685023624e-01 3.889310749623476129e-03
2.459660453194864560e+06 1.002945875345400140e+00 3.889310749623476129e-03
2.459660454583767336e+06 9.968914725888311512e-01 3.889310749623476129e-03
2.459660455972670112e+06 1.008812128269181319e+00 3.889310749623476129e-03
2.459660457361572888e+06 9.905579579617519448e-01 3.889310749623476129e-03
2.459660458750475664e+06 9.951566464623686770e-01 3.889310749623476129e-03
2.459660460139378440e+06 1.003528362036134380e+00 3.889310749623476129e-03
2.459660461528281216e+06 1.000089701536602593e+00 3.889310749623476129e-03
2.459660462917184457e+06 9.981781645584644203e-01 3.889310749623476129e-03
2.459660464306086767e+06 9.986751045152510997e-01 3.889310749623476129e-03
2.459660465694990009e+06 1.002487978253125522e+00 3.889310749623476129e-03
2.459660467083892785e+06 9.944039912292942374e-01 3.889310749623476129e-03
2.459660468472795095e+06 9.956011144594641982e-01 3.889310749623476129e-03
2.459660469861698337e+06 9.962020480050952642e-01 3.889310749623476129e-03
2.459660471250601113e+06 9.940870498979650360e-01 3.889310749623476129e-03
2.459660472639503423e+06 1.001759372315276453e+00 3.889310749623476129e-03
2.459660474028406199e+06 9.951889760664650586e-01 3.889310749623476129e-03
2.459660475417309441e+06 9.973419488863338733e-01 3.889310749623476129e-03
2.459660476806211751e+06 9.936432651731036403e-01 3.889310749623476129e-03
2.459660478195114527e+06 9.938869852427347773e-01 3.889310749623476129e-03
2.459660479584017303e+06 9.888753557554355034e-01 3.889310749623476129e-03
2.459660480972920079e+06 9.970897658553453669e-01 3.889310749623476129e-03
2.459660482361822855e+06 9.942292869086025719e-01 3.889310749623476129e-03
2.459660483750725631e+06 9.924014147450349599e-01 3.889310749623476129e-03
2.459660485139628407e+06 9.886971233905562650e-01 3.889310749623476129e-03
2.459660486528531183e+06 1.000125040483207828e+00 3.889310749623476129e-03
2.459660487917433959e+06 9.932925892464499196e-01 3.889310749623476129e-03
2.459660489306336734e+06 9.916656709772020406e-01 3.889310749623476129e-03
2.459660490695239510e+06 9.870067776216289168e-01 3.889310749623476129e-03
2.459660492084142286e+06 9.922116940738708868e-01 3.889310749623476129e-03
2.459660493473045062e+06 9.893004936617673106e-01 3.889310749623476129e-03
2.459660494861947838e+06 9.934225046005094040e-01 3.889310749623476129e-03
2.459660496250850614e+06 9.948490161057347292e-01 3.889310749623476129e-03
2.459660497639753390e+06 9.966099182711536386e-01 3.889310749623476129e-03
2.459660499028655700e+06 9.925838046331704190e-01 3.889310749623476129e-03
2.459660500417558476e+06 9.910182073326248009e-01 3.889310749623476129e-03
2.459660501806461252e+06 9.888728645505003856e-01 3.889310749623476129e-03
2.459660503195364028e+06 9.960801395293910065e-01 3.889310749623476129e-03
2.459660504584266804e+06 9.952023933633988850e-01 3.889310749623476129e-03
2.459660505973169580e+06 9.986804832889673023e-01 3.889310749623476129e-03
2.459660507362072356e+06 9.899531715295972756e-01 3.889310749623476129e-03
2.459660508750975132e+06 9.915161590524125268e-01 3.889310749623476129e-03
2.459660510139877908e+06 9.934798082008667874e-01 3.889310749623476129e-03
2.459660511528780218e+06 9.891307378752512980e-01 3.889310749623476129e-03
2.459660512917682994e+06 9.981033642957044538e-01 3.889310749623476129e-03
2.459660514306585770e+06 9.939853452558642388e-01 3.889310749623476129e-03
2.459660515695488546e+06 9.957085880285098112e-01 3.889310749623476129e-03
2.459660517084391322e+06 9.937785007819509575e-01 3.889310749623476129e-03
2.459660518473294098e+06 9.990359441914068439e-01 3.889310749623476129e-03
2.459660519862196874e+06 9.919343849932366064e-01 3.889310749623476129e-03
2.459660521251099184e+06 9.968530885810891196e-01 3.889310749623476129e-03
2.459660522640001960e+06 9.914591802924710429e-01 3.889310749623476129e-03
2.459660524028904736e+06 9.931862389893287846e-01 3.889310749623476129e-03
2.459660525417807512e+06 9.971801400378658142e-01 3.889310749623476129e-03
2.459660526806710288e+06 9.937171294309554703e-01 3.889310749623476129e-03
2.459660528195613064e+06 9.858878366010555006e-01 3.889310749623476129e-03
2.459660529584515374e+06 9.889179564508171483e-01 3.889310749623476129e-03
2.459660530973418150e+06 9.900802276270582736e-01 3.889310749623476129e-03
2.459660532362320926e+06 9.956008566598049114e-01 3.889310749623476129e-03
2.459660533751223236e+06 9.899704032834796275e-01 3.889310749623476129e-03
2.459660535140126012e+06 9.887480691948067335e-01 3.889310749623476129e-03
2.459660536529028788e+06 9.920544195576649349e-01 3.889310749623476129e-03
2.459660537917931564e+06 9.899976844235292006e-01 3.889310749623476129e-03
2.459660539306834340e+06 9.864615415969110179e-01 3.889310749623476129e-03
2.459660540695737116e+06 9.907537876400003274e-01 3.889310749623476129e-03
2.459660542084639426e+06 9.936768208275091885e-01 3.889310749623476129e-03
2.459660543473542202e+06 1.001372053860287936e+00 3.889310749623476129e-03
2.459660544862444978e+06 9.946238714078096121e-01 3.889310749623476129e-03
2.459660546251347754e+06 9.946006056720416710e-01 3.889310749623476129e-03
2.459660547640250064e+06 9.942561776094224202e-01 3.889310749623476129e-03
2.459660549029152840e+06 9.949005648753154185e-01 3.889310749623476129e-03
2.459660550418055616e+06 9.873214887785594085e-01 3.889310749623476129e-03
2.459660551806957927e+06 9.878588405348737167e-01 3.889310749623476129e-03
2.459660553195860703e+06 9.956140375820229371e-01 3.889310749623476129e-03
2.459660554584763478e+06 9.891187690537591726e-01 3.889310749623476129e-03
2.459660555973665789e+06 9.882367240803827668e-01 3.889310749623476129e-03
2.459660557362568565e+06 9.916087004485694134e-01 3.889310749623476129e-03
2.459660558751471341e+06 9.889913986964343762e-01 3.889310749623476129e-03
2.459660560140374117e+06 9.929710177358893608e-01 3.889310749623476129e-03
2.459660561529276427e+06 9.923526257297913267e-01 3.889310749623476129e-03
2.459660562918179203e+06 9.921104037119740093e-01 3.889310749623476129e-03
2.459660564307081979e+06 9.968222232259607019e-01 3.889310749623476129e-03
2.459660565695984289e+06 9.923604213866664692e-01 3.889310749623476129e-03
2.459660567084887065e+06 9.967459544472433430e-01 3.889310749623476129e-03
2.459660568473789841e+06 9.986077734512356363e-01 3.889310749623476129e-03
2.459660569862692151e+06 9.916224910044626473e-01 3.889310749623476129e-03
2.459660571251594927e+06 9.973842204715556159e-01 3.889310749623476129e-03
2.459660572640497703e+06 9.939406735643561142e-01 3.889310749623476129e-03
2.459660574029400013e+06 9.928608872579015587e-01 3.889310749623476129e-03
2.459660575418302789e+06 9.927610401927140504e-01 3.889310749623476129e-03
2.459660576807205565e+06 9.967584897493764196e-01 3.889310749623476129e-03
2.459660578196107876e+06 1.001916934388899838e+00 3.889310749623476129e-03
2.459660579585010651e+06 9.991630320157721679e-01 3.889310749623476129e-03
2.459660580973913427e+06 9.923406737069945249e-01 3.889310749623476129e-03
2.459660582362815738e+06 9.967545255003267268e-01 3.889310749623476129e-03
2.459660583751718514e+06 1.000560557159994035e+00 3.889310749623476129e-03
2.459660585140621290e+06 9.957210812667659505e-01 3.889310749623476129e-03
2.459660586529523600e+06 9.976795705282650584e-01 3.889310749623476129e-03
2.459660587918426376e+06 9.938302245007156754e-01 3.889310749623476129e-03
2.459660589307329152e+06 9.979864466551574553e-01 3.889310749623476129e-03
2.459660590696231462e+06 9.908149626422292355e-01 3.889310749623476129e-03
2.459660592085134238e+06 1.001155912979250662e+00 3.889310749623476129e-03
2.459660593474036548e+06 9.963659555097053033e-01 3.889310749623476129e-03
2.459660594862939324e+06 1.002863304979455528e+00 3.889310749623476129e-03
2.459660596251841635e+06 9.956607065308823445e-01 3.889310749623476129e-03
2.459660597640744410e+06 9.961059878039760784e-01 3.889310749623476129e-03
2.459660599029647186e+06 9.961760504529815208e-01 3.889310749623476129e-03
2.459660600418549497e+06 1.003831780648327010e+00 3.889310749623476129e-03
2.459660601807452273e+06 9.978330832156715458e-01 3.889310749623476129e-03
2.459660603196354583e+06 9.983740772080015313e-01 3.889310749623476129e-03
2.459660604585257359e+06 9.963865139566812079e-01 3.889310749623476129e-03
2.459660605974159669e+06 9.945371540056702209e-01 3.889310749623476129e-03
2.459660607363062445e+06 1.002712454078639848e+00 3.889310749623476129e-03
2.459660608751964755e+06 1.008816184319634379e+00 3.889310749623476129e-03
2.459660610140867531e+06 9.995566585003735627e-01 3.889310749623476129e-03
2.459660611529770307e+06 9.997421604675957862e-01 3.889310749623476129e-03
2.459660612918672618e+06 9.973862885002181544e-01 3.889310749623476129e-03
2.459660614307574928e+06 1.004153034205479855e+00 3.889310749623476129e-03
2.459660615696477704e+06 9.961700571745233379e-01 3.889310749623476129e-03
2.459660617085380014e+06 9.988381720382275564e-01 3.889310749623476129e-03
2.459660618474282790e+06 1.001564811881482830e+00 3.889310749623476129e-03
2.459660619863185566e+06 9.972744329175573519e-01 3.889310749623476129e-03
2.459660621252087876e+06 1.003626095684824859e+00 3.889310749623476129e-03
2.459660622640990186e+06 1.001431727773173908e+00 3.889310749623476129e-03
2.459660624029892962e+06 1.001578790687200016e+00 3.889310749623476129e-03
2.459660625418795738e+06 9.948316562460506329e-01 3.889310749623476129e-03
2.459660626807698049e+06 1.002509289621998922e+00 3.889310749623476129e-03
2.459660628196600359e+06 9.989433025934059129e-01 3.889310749623476129e-03
2.459660629585503135e+06 9.978588595847509568e-01 3.889310749623476129e-03
2.459660630974405445e+06 9.986234030599682177e-01 3.889310749623476129e-03
2.459660632363308221e+06 9.953269687006158772e-01 3.889310749623476129e-03
2.459660633752210531e+06 1.003880264860510518e+00 3.889310749623476129e-03
2.459660635141113307e+06 9.973803278535026129e-01 3.889310749623476129e-03
2.459660636530015618e+06 9.964263405571529564e-01 3.889310749623476129e-03
2.459660637918918394e+06 1.000727295676634432e+00 3.889310749623476129e-03
2.459660639307820704e+06 9.977156710809440554e-01 3.889310749623476129e-03
2.459660640696723014e+06 1.000310551625434030e+00 3.889310749623476129e-03
2.459660642085625790e+06 1.000451416598951537e+00 3.889310749623476129e-03
2.459660643474528100e+06 9.985532964863763628e-01 3.889310749623476129e-03
2.459660644863430876e+06 1.002222709324537497e+00 3.889310749623476129e-03
2.459660646252333187e+06 9.974547038641292662e-01 3.889310749623476129e-03
2.459660647641235497e+06 9.955997895562204159e-01 3.889310749623476129e-03
2.459660649030138273e+06 9.984280542284871274e-01 3.889310749623476129e-03
2.459660650419040583e+06 1.000765361191040981e+00 3.889310749623476129e-03
2.459660651807943359e+06 9.999303872460837406e-01 3.889310749623476129e-03
2.459660653196845669e+06 9.982606989589241087e-01 3.889310749623476129e-03
2.459660654585748445e+06 1.000658140650865668e+00 3.889310749623476129e-03
2.459660655974650756e+06 1.003750006578728149e+00 3.889310749623476129e-03
2.459660657363553066e+06 1.001085883739027516e+00 3.889310749623476129e-03
2.459660658752455842e+06 9.972758894351734238e-01 3.889310749623476129e-03
2.459660660141358152e+06 1.003666149789941064e+00 3.889310749623476129e-03
2.459660661530260462e+06 9.943377140355187382e-01 3.889310749623476129e-03
2.459660662919163238e+06 1.007392110293279019e+00 3.889310749623476129e-03
2.459660664308065549e+06 9.931033543543469344e-01 3.889310749623476129e-03
2.459660665696967859e+06 1.002248490680310855e+00 3.889310749623476129e-03
2.459660667085870635e+06 1.002820719668424232e+00 3.889310749623476129e-03
2.459660668474772945e+06 9.932955438030952600e-01 3.889310749623476129e-03
2.459660669863675255e+06 9.944754820963265241e-01 3.889310749623476129e-03
2.459660671252578031e+06 9.918526521450502509e-01 3.889310749623476129e-03
2.459660672641480342e+06 1.004436787117025220e+00 3.889310749623476129e-03
2.459660674030382652e+06 9.966324093609136847e-01 3.889310749623476129e-03
2.459660675419285428e+06 1.006159577578098485e+00 3.889310749623476129e-03
2.459660676808187738e+06 9.961498059480605738e-01 3.889310749623476129e-03
2.459660678197090048e+06 9.994355508603581795e-01 3.889310749623476129e-03
2.459660679585992359e+06 1.000386937191229508e+00 3.889310749623476129e-03
2.459660680974895135e+06 1.004905093735688260e+00 3.889310749623476129e-03
2.459660682363797445e+06 9.988207393947080570e-01 3.889310749623476129e-03
2.459660683752699755e+06 1.001560339219422779e+00 3.889310749623476129e-03
2.459660685141602531e+06 9.987292724499058361e-01 3.889310749623476129e-03
2.459660686530504841e+06 1.001868293809438537e+00 3.889310749623476129e-03
2.459660687919407152e+06 9.929801232730711691e-01 3.889310749623476129e-03
2.459660689308309462e+06 9.925165523468088002e-01 3.889310749623476129e-03
2.459660690697212238e+06 1.000839937671514246e+00 3.889310749623476129e-03
2.459660692086114548e+06 1.000393055442570178e+00 3.889310749623476129e-03
2.459660693475016858e+06 1.004008322175880430e+00 3.889310749623476129e-03
2.459660694863919634e+06 1.004884857425781597e+00 3.889310749623476129e-03
2.459660696252821945e+06 1.003073674692020800e+00 3.889310749623476129e-03
2.459660697641724255e+06 9.971061160275007662e-01 3.889310749623476129e-03
2.459660699030626565e+06 9.975177316861236765e-01 3.889310749623476129e-03
2.459660700419528875e+06 9.987927339291022832e-01 3.889310749623476129e-03
2.459660701808431651e+06 9.989441481260994404e-01 3.889310749623476129e-03
2.459660703197333962e+06 1.005254710010545782e+00 3.889310749623476129e-03
2.459660704586236272e+06 1.006301575996990882e+00 3.889310749623476129e-03
2.459660705975138582e+06 9.984858955976113615e-01 3.889310749623476129e-03
2.459660707364041358e+06 1.001179972736984114e+00 3.889310749623476129e-03
2.459660708752943669e+06 9.961343154006726541e-01 3.889310749623476129e-03
2.459660710141845979e+06 1.001893905313614441e+00 3.889310749623476129e-03
2.459660711530748289e+06 1.010945778718577159e+00 3.889310749623476129e-03
