2.459675192071927246e+06 1.003471054466170020e+00 4.080904400788343267e-03
2.459675193460806273e+06 9.973772895100042613e-01 4.080904400788343267e-03
2.459675194849685766e+06 9.991902234675946737e-01 4.080904400788343267e-03
2.459675196238565259e+06 1.004142974381959652e+00 4.080904400788343267e-03
2.459675197627444286e+06 1.004597088232333846e+00 4.080904400788343267e-03
2.459675199016323313e+06 9.977820388519089700e-01 4.080904400788343267e-03
2.459675200405202806e+06 9.907805088122824122e-01 4.080904400788343267e-03
2.459675201794081833e+06 1.004241363377505802e+00 4.080904400788343267e-03
2.459675203182961326e+06 9.966225880410359839e-01 4.080904400788343267e-03
2.459675204571840353e+06 9.978396734440994065e-01 4.080904400788343267e-03
2.459675205960719846e+06 9.985761551098133459e-01 4.080904400788343267e-03
2.459675207349598873e+06 9.955670122358065699e-01 4.080904400788343267e-03
2.459675208738477901e+06 9.957493816153976107e-01 4.080904400788343267e-03
2.459675210127357394e+06 1.003117065410764619e+00 4.080904400788343267e-03
2.459675211516236421e+06 1.000148865488339034e+00 4.080904400788343267e-03
2.459675212905115914e+06 9.959379579522260606e-01 4.080904400788343267e-03
2.459675214293994941e+06 1.003182960426329595e+00 4.080904400788343267e-03
2.459675215682874434e+06 9.996896115675961703e-01 4.080904400788343267e-03
2.459675217071753461e+06 9.965895859961212411e-01 4.080904400788343267e-03
2.459675218460632488e+06 9.998457893039319755e-01 4.080904400788343267e-03
2.459675219849511515e+06 1.005002474065576523e+00 4.080904400788343267e-03
2.459675221238391008e+06 9.972206228299628217e-01 4.080904400788343267e-03
2.459675222627270035e+06 9.955377727732329651e-01 4.080904400788343267e-03
2.459675224016149528e+06 9.982245407604736220e-01 4.080904400788343267e-03
2.459675225405028556e+06 1.002602251340114714e+00 4.080904400788343267e-03
2.459675226793908048e+06 1.000370707822303640e+00 4.080904400788343267e-03
2.459675228182787076e+06 9.982668517799432317e-01 4.080904400788343267e-03
2.459675229571666103e+06 1.002305000119812162e+00 4.080904400788343267e-03
2.459675230960545130e+06 1.003412056998856938e+00 4.080904400788343267e-03
2.459675232349424623e+06 9.987184453967113962e-01 4.080904400788343267e-03
2.459675233738303650e+06 9.924420775285411889e-01 4.080904400788343267e-03
2.459675235127182677e+06 9.984410999505718420e-01 4.080904400788343267e-03
2.459675236516062170e+06 9.974356061139757479e-01 4.080904400788343267e-03
2.459675237904941197e+06 1.004074825587589759e+00 4.080904400788343267e-03
2.459675239293820225e+06 1.004005565655372356e+00 4.080904400788343267e-03
2.459675240682699718e+06 1.001463393493768672e+00 4.080904400788343267e-03
2.459675242071578745e+06 9.976896491233112618e-01 4.080904400788343267e-03
2.459675243460457772e+06 9.980190763990572922e-01 4.080904400788343267e-03
2.459675244849336799e+06 1.009344265445161870e+00 4.080904400788343267e-03
2.459675246238215826e+06 1.003634899115588119e+00 4.080904400788343267e-03
2.459675247627095319e+06 9.980421894814622830e-01 4.080904400788343267e-03
2.459675249015974347e+06 1.001532768376750093e+00 4.080904400788343267e-03
2.459675250404853374e+06 1.000433707803014549e+00 4.080904400788343267e-03
2.459675251793732867e+06 9.978723056636016331e-01 4.080904400788343267e-03
2.459675253182611894e+06 1.002708196335083679e+00 4.080904400788343267e-03
2.459675254571490921e+06 1.007153376389745114e+00 4.080904400788343267e-03
2.459675255960369948e+06 9.999192742779966503e-01 4.080904400788343267e-03
2.459675257349248976e+06 9.995443319848890118e-01 4.080904400788343267e-03
2.459675258738128468e+06 9.996755127216404579e-01 4.080904400788343267e-03
2.459675260127007496e+06 1.001564898781880375e+00 4.080904400788343267e-03
2.459675261515886523e+06 1.006386360509334832e+00 4.080904400788343267e-03
2.459675262904765550e+06 1.005268910930606996e+00 4.080904400788343267e-03
2.459675264293645043e+06 9.985088859128953276e-01 4.080904400788343267e-03
2.459675265682524070e+06 9.973629305937257161e-01 4.080904400788343267e-03
2.459675267071403097e+06 1.003992914217712418e+00 4.080904400788343267e-03
2.459675268460282125e+06 9.998398168066326974e-01 4.080904400788343267e-03
2.459675269849161152e+06 9.992147049995272479e-01 4.080904400788343267e-03
2.459675271238040645e+06 1.003977142238381859e+00 4.080904400788343267e-03
2.459675272626919672e+06 1.001646510635583853e+00 4.080904400788343267e-03
2.459675274015798699e+06 9.968121176740134537e-01 4.080904400788343267e-03
2.459675275404677726e+06 1.002890546039742148e+00 4.080904400788343267e-03
2.459675276793556754e+06 1.004400283200513000e+00 4.080904400788343267e-03
2.459675278182435781e+06 1.000946137369856714e+00 4.080904400788343267e-03
2.459675279571314808e+06 1.002225160309208940e+00 4.080904400788343267e-03
2.459675280960194301e+06 1.002010592480223172e+00 4.080904400788343267e-03
2.459675282349073328e+06 9.995447277467147673e-01 4.080904400788343267e-03
2.459675283737952355e+06 9.924625830410118699e-01 4.080904400788343267e-03
2.459675285126831383e+06 9.969979365540567740e-01 4.080904400788343267e-03
2.459675286515710410e+06 1.003465826773169534e+00 4.080904400788343267e-03
2.459675287904589437e+06 9.975321484187490428e-01 4.080904400788343267e-03
2.459675289293468464e+06 1.003474115502616115e+00 4.080904400788343267e-03
2.459675290682347957e+06 9.969637716810050287e-01 4.080904400788343267e-03
2.459675292071226519e+06 9.966466416789309113e-01 4.080904400788343267e-03
2.459675293460106011e+06 9.998098922482352435e-01 4.080904400788343267e-03
2.459675294848984573e+06 9.991163484509651971e-01 4.080904400788343267e-03
2.459675296237864066e+06 9.978454297245635818e-01 4.080904400788343267e-03
2.459675297626743093e+06 1.004503550108062138e+00 4.080904400788343267e-03
2.459675299015622120e+06 9.986584207315951645e-01 4.080904400788343267e-03
2.459675300404501148e+06 9.954249033008711889e-01 4.080904400788343267e-03
2.459675301793380175e+06 1.001473457366684139e+00 4.080904400788343267e-03
2.459675303182259202e+06 9.961866084883064243e-01 4.080904400788343267e-03
2.459675304571138229e+06 9.956937076863250358e-01 4.080904400788343267e-03
2.459675305960017256e+06 1.001823396698523938e+00 4.080904400788343267e-03
2.459675307348896284e+06 1.001050896891644948e+00 4.080904400788343267e-03
2.459675308737775311e+06 1.002858899201664045e+00 4.080904400788343267e-03
2.459675310126654338e+06 1.000453651183286441e+00 4.080904400788343267e-03
2.459675311515533365e+06 1.005237524898763946e+00 4.080904400788343267e-03
2.459675312904412393e+06 9.982526233161405083e-01 4.080904400788343267e-03
2.459675314293291420e+06 9.951879583360573323e-01 4.080904400788343267e-03
2.459675315682170447e+06 1.003393330618212786e+00 4.080904400788343267e-03
2.459675317071049474e+06 1.005833482990212024e+00 4.080904400788343267e-03
2.459675318459928501e+06 9.949675408533812382e-01 4.080904400788343267e-03
2.459675319848807529e+06 1.002306582440161797e+00 4.080904400788343267e-03
2.459675321237686556e+06 1.002517589263801190e+00 4.080904400788343267e-03
2.459675322626565583e+06 9.962126857076794018e-01 4.080904400788343267e-03
2.459675324015444610e+06 1.003577361742087559e+00 4.080904400788343267e-03
2.459675325404323637e+06 1.006408342438153358e+00 4.080904400788343267e-03
2.459675326793202665e+06 1.000474532839029651e+00 4.080904400788343267e-03
2.459675328182081692e+06 9.992390156922835720e-01 4.080904400788343267e-03
2.459675329570960719e+06 9.964862798986294790e-01 4.080904400788343267e-03
2.459675330959839746e+06 9.936615838954047097e-01 4.080904400788343267e-03
2.459675332348718308e+06 1.001421389612198842e+00 4.080904400788343267e-03
2.459675333737597801e+06 9.919907446382658645e-01 4.080904400788343267e-03
2.459675335126476828e+06 9.988812943356224494e-01 4.080904400788343267e-03
2.459675336515355390e+06 9.951902512940307144e-01 4.080904400788343267e-03
2.459675337904234417e+06 9.911464578092917810e-01 4.080904400788343267e-03
2.459675339293113444e+06 9.959021691095496509e-01 4.080904400788343267e-03
2.459675340681992471e+06 9.950424417127614607e-01 4.080904400788343267e-03
2.459675342070871498e+06 9.963219012309826317e-01 4.080904400788343267e-03
2.459675343459750526e+06 9.947243644472782975e-01 4.080904400788343267e-03
2.459675344848629553e+06 9.931473916995926521e-01 4.080904400788343267e-03
2.459675346237508580e+06 9.938911968610218972e-01 4.080904400788343267e-03
2.459675347626387142e+06 9.902929457149053372e-01 4.080904400788343267e-03
2.459675349015266169e+06 9.949242307150653053e-01 4.080904400788343267e-03
2.459675350404145662e+06 9.951038257174369406e-01 4.080904400788343267e-03
2.459675351793024223e+06 9.928975340865725530e-01 4.080904400788343267e-03
2.459675353181903251e+06 9.992308479702785018e-01 4.080904400788343267e-03
2.459675354570782278e+06 9.977202085926719644e-01 4.080904400788343267e-03
2.459675355959661305e+06 9.992536111808152377e-01 4.080904400788343267e-03
2.459675357348540332e+06 9.960186366550810577e-01 4.080904400788343267e-03
2.459675358737418894e+06 9.961687076781339245e-01 4.080904400788343267e-03
2.459675360126297921e+06 9.967251183329793873e-01 4.080904400788343267e-03
2.459675361515176948e+06 9.987617900577545615e-01 4.080904400788343267e-03
2.459675362904055975e+06 9.914948576812319114e-01 4.080904400788343267e-03
2.459675364292935003e+06 9.947651570650823949e-01 4.080904400788343267e-03
2.459675365681813564e+06 9.933127388259033186e-01 4.080904400788343267e-03
2.459675367070692591e+06 9.924608888170626253e-01 4.080904400788343267e-03
2.459675368459571619e+06 1.000431785205038393e+00 4.080904400788343267e-03
2.459675369848450646e+06 9.913544731444720037e-01 4.080904400788343267e-03
2.459675371237329673e+06 9.914000744360844664e-01 4.080904400788343267e-03
2.459675372626208235e+06 9.948324601567141157e-01 4.080904400788343267e-03
2.459675374015087262e+06 9.960923767658897976e-01 4.080904400788343267e-03
2.459675375403966289e+06 9.934868458995239626e-01 4.080904400788343267e-03
2.459675376792845316e+06 9.932387694726370064e-01 4.080904400788343267e-03
2.459675378181723878e+06 9.903721732192463101e-01 4.080904400788343267e-03
2.459675379570602905e+06 9.957222814816155676e-01 4.080904400788343267e-03
2.459675380959481932e+06 9.933513281677273099e-01 4.080904400788343267e-03
2.459675382348360959e+06 9.918960155480112117e-01 4.080904400788343267e-03
2.459675383737239521e+06 9.961296295670100109e-01 4.080904400788343267e-03
2.459675385126118548e+06 9.961438503612185524e-01 4.080904400788343267e-03
2.459675386514997575e+06 9.889443342212120847e-01 4.080904400788343267e-03
2.459675387903876603e+06 9.890934602741781045e-01 4.080904400788343267e-03
2.459675389292755164e+06 9.919923807445351072e-01 4.080904400788343267e-03
2.459675390681634191e+06 9.918191580721475997e-01 4.080904400788343267e-03
2.459675392070512753e+06 9.907103758132841387e-01 4.080904400788343267e-03
2.459675393459391780e+06 1.002692061586453409e+00 4.080904400788343267e-03
2.459675394848270807e+06 9.860176562380759124e-01 4.080904400788343267e-03
2.459675396237149369e+06 9.929145522612901065e-01 4.080904400788343267e-03
2.459675397626028396e+06 1.004437849131934568e+00 4.080904400788343267e-03
2.459675399014907423e+06 9.952657774471170837e-01 4.080904400788343267e-03
2.459675400403785985e+06 9.876757968948409738e-01 4.080904400788343267e-03
2.459675401792665012e+06 9.929991769451816941e-01 4.080904400788343267e-03
2.459675403181544039e+06 9.951277786498530231e-01 4.080904400788343267e-03
2.459675404570422601e+06 9.907757279309613585e-01 4.080904400788343267e-03
2.459675405959301628e+06 9.898554274614754789e-01 4.080904400788343267e-03
2.459675407348180655e+06 9.940867506978641188e-01 4.080904400788343267e-03
2.459675408737059217e+06 9.920920998522142487e-01 4.080904400788343267e-03
2.459675410125938244e+06 9.955118630154360382e-01 4.080904400788343267e-03
2.459675411514817271e+06 9.955096457716653413e-01 4.080904400788343267e-03
2.459675412903695833e+06 1.001456126979144212e+00 4.080904400788343267e-03
2.459675414292574860e+06 9.898792064042214456e-01 4.080904400788343267e-03
2.459675415681453422e+06 9.861308066034535358e-01 4.080904400788343267e-03
2.459675417070332449e+06 9.935388978795119952e-01 4.080904400788343267e-03
2.459675418459211010e+06 9.949170276129959412e-01 4.080904400788343267e-03
2.459675419848090038e+06 1.004306708420428462e+00 4.080904400788343267e-03
2.459675421236969065e+06 9.912446035200556116e-01 4.080904400788343267e-03
2.459675422625847626e+06 9.954112859137826952e-01 4.080904400788343267e-03
2.459675424014726654e+06 9.926814173304403521e-01 4.080904400788343267e-03
2.459675425403605681e+06 9.969255981872877648e-01 4.080904400788343267e-03
2.459675426792484242e+06 9.984154377382464807e-01 4.080904400788343267e-03
2.459675428181363270e+06 9.931764236710008964e-01 4.080904400788343267e-03
2.459675429570241831e+06 9.889666249209746463e-01 4.080904400788343267e-03
2.459675430959120858e+06 9.943794014237966605e-01 4.080904400788343267e-03
2.459675432347999420e+06 9.915000587744920990e-01 4.080904400788343267e-03
2.459675433736878447e+06 9.880444004307582517e-01 4.080904400788343267e-03
2.459675435125757009e+06 9.915160588151713528e-01 4.080904400788343267e-03
2.459675436514636036e+06 9.923997627223943852e-01 4.080904400788343267e-03
2.459675437903514598e+06 9.984431561481919015e-01 4.080904400788343267e-03
2.459675439292393625e+06 9.909106114486309069e-01 4.080904400788343267e-03
2.459675440681272186e+06 9.957196413656332901e-01 4.080904400788343267e-03
2.459675442070151214e+06 9.954832023099600136e-01 4.080904400788343267e-03
2.459675443459029775e+06 9.956100047669689257e-01 4.080904400788343267e-03
2.459675444847908802e+06 9.887230950341477920e-01 4.080904400788343267e-03
2.459675446236787364e+06 9.972208343057654689e-01 4.080904400788343267e-03
2.459675447625666391e+06 9.954779355063738677e-01 4.080904400788343267e-03
2.459675449014544953e+06 9.982601715319382452e-01 4.080904400788343267e-03
2.459675450403423980e+06 9.994587509065372410e-01 4.080904400788343267e-03
2.459675451792302541e+06 9.961117416673331837e-01 4.080904400788343267e-03
2.459675453181181103e+06 9.972794354764535907e-01 4.080904400788343267e-03
2.459675454570060130e+06 1.000501456215337370e+00 4.080904400788343267e-03
2.459675455958938692e+06 9.930499549934602710e-01 4.080904400788343267e-03
2.459675457347817719e+06 9.972756176281954987e-01 4.080904400788343267e-03
2.459675458736696281e+06 9.933053042557854484e-01 4.080904400788343267e-03
2.459675460125574842e+06 9.956303257017139474e-01 4.080904400788343267e-03
2.459675461514453869e+06 9.978380199711449627e-01 4.080904400788343267e-03
2.459675462903332897e+06 9.921112142079920870e-01 4.080904400788343267e-03
2.459675464292211458e+06 9.980684936022693465e-01 4.080904400788343267e-03
2.459675465681090020e+06 9.972325734667226715e-01 4.080904400788343267e-03
2.459675467069968581e+06 1.004630486775453857e+00 4.080904400788343267e-03
2.459675468458847608e+06 9.935432391478207226e-01 4.080904400788343267e-03
2.459675469847726636e+06 9.932208503281327872e-01 4.080904400788343267e-03
2.459675471236605197e+06 1.003900299125519258e+00 4.080904400788343267e-03
2.459675472625483759e+06 9.972788684769876566e-01 4.080904400788343267e-03
2.459675474014362786e+06 9.916961959067744914e-01 4.080904400788343267e-03
2.459675475403241348e+06 9.987888625991437896e-01 4.080904400788343267e-03
2.459675476792119909e+06 9.983544442237028971e-01 4.080904400788343267e-03
2.459675478180998471e+06 9.975486117852829793e-01 4.080904400788343267e-03
2.459675479569877498e+06 1.003194615508492760e+00 4.080904400788343267e-03
2.459675480958756059e+06 9.997668963689306798e-01 4.080904400788343267e-03
2.459675482347634621e+06 1.002212851066364152e+00 4.080904400788343267e-03
2.459675483736513648e+06 1.001764353250725437e+00 4.080904400788343267e-03
2.459675485125392210e+06 1.002254220445338628e+00 4.080904400788343267e-03
2.459675486514270771e+06 1.000615768987515253e+00 4.080904400788343267e-03
2.459675487903149799e+06 9.984052929741046301e-01 4.080904400788343267e-03
2.459675489292028360e+06 1.001993971709509879e+00 4.080904400788343267e-03
2.459675490680906922e+06 9.971303089320586732e-01 4.080904400788343267e-03
2.459675492069785949e+06 9.918371052292856982e-01 4.080904400788343267e-03
2.459675493458664510e+06 1.003713815285883104e+00 4.080904400788343267e-03
2.459675494847543072e+06 1.005135597748603615e+00 4.080904400788343267e-03
2.459675496236422099e+06 9.928039765996545807e-01 4.080904400788343267e-03
2.459675497625300661e+06 1.004402152977097451e+00 4.080904400788343267e-03
2.459675499014179222e+06 1.004376077687837210e+00 4.080904400788343267e-03
2.459675500403057784e+06 1.008190987853735399e+00 4.080904400788343267e-03
2.459675501791936345e+06 1.004760554340783374e+00 4.080904400788343267e-03
2.459675503180815373e+06 9.942066927030965839e-01 4.080904400788343267e-03
2.459675504569693934e+06 1.002562664364192280e+00 4.080904400788343267e-03
2.459675505958572496e+06 9.967117250399568640e-01 4.080904400788343267e-03
2.459675507347451523e+06 1.003475449274938036e+00 4.080904400788343267e-03
2.459675508736329619e+06 9.963989643382491490e-01 4.080904400788343267e-03
2.459675510125208646e+06 9.944621566545738256e-01 4.080904400788343267e-03
2.459675511514087208e+06 1.002875173123604968e+00 4.080904400788343267e-03
2.459675512902965769e+06 1.005291696386659162e+00 4.080904400788343267e-03
2.459675514291844796e+06 1.000591646515383015e+00 4.080904400788343267e-03
2.459675515680722892e+06 9.976927956949556142e-01 4.080904400788343267e-03
2.459675517069601920e+06 9.993641039187370900e-01 4.080904400788343267e-03
2.459675518458480481e+06 9.944871056667036191e-01 4.080904400788343267e-03
2.459675519847359043e+06 9.998146463557717745e-01 4.080904400788343267e-03
2.459675521236237604e+06 1.005973898676981060e+00 4.080904400788343267e-03
2.459675522625116631e+06 1.007224662996642151e+00 4.080904400788343267e-03
2.459675524013995193e+06 1.001694138377605015e+00 4.080904400788343267e-03
2.459675525402873755e+06 1.001943814392318499e+00 4.080904400788343267e-03
2.459675526791752316e+06 9.928403344948178999e-01 4.080904400788343267e-03
2.459675528180630878e+06 9.994197566321796344e-01 4.080904400788343267e-03
2.459675529569509439e+06 1.002776414174801456e+00 4.080904400788343267e-03
2.459675530958388001e+06 9.969579315475660675e-01 4.080904400788343267e-03
2.459675532347266562e+06 9.970772166556073346e-01 4.080904400788343267e-03
2.459675533736145590e+06 9.886268892143676990e-01 4.080904400788343267e-03
2.459675535125024151e+06 1.006465820880565687e+00 4.080904400788343267e-03
2.459675536513902713e+06 9.990387519455095067e-01 4.080904400788343267e-03
2.459675537902781274e+06 1.003884028867422895e+00 4.080904400788343267e-03
2.459675539291659836e+06 9.960072078392937511e-01 4.080904400788343267e-03
2.459675540680538397e+06 1.003293310179891984e+00 4.080904400788343267e-03
2.459675542069416959e+06 1.005708960339938507e+00 4.080904400788343267e-03
2.459675543458295520e+06 9.995118363618139545e-01 4.080904400788343267e-03
2.459675544847174082e+06 9.984707846497191674e-01 4.080904400788343267e-03
2.459675546236052644e+06 9.994259383975455657e-01 4.080904400788343267e-03
2.459675547624931205e+06 1.005841209209969556e+00 4.080904400788343267e-03
2.459675549013810232e+06 1.000151238484775940e+00 4.080904400788343267e-03
2.459675550402688328e+06 1.005867737577640364e+00 4.080904400788343267e-03
2.459675551791567355e+06 1.000168403895518088e+00 4.080904400788343267e-03
2.459675553180445451e+06 1.004984388317555988e+00 4.080904400788343267e-03
2.459675554569324013e+06 9.980927168870601385e-01 4.080904400788343267e-03
2.459675555958203040e+06 9.968821612452140046e-01 4.080904400788343267e-03
2.459675557347081136e+06 1.002440547247789748e+00 4.080904400788343267e-03
2.459675558735960163e+06 1.000264018258449017e+00 4.080904400788343267e-03
2.459675560124838725e+06 9.936733461244948717e-01 4.080904400788343267e-03
2.459675561513716821e+06 1.008206785692085106e+00 4.080904400788343267e-03
2.459675562902595848e+06 9.971086690098502903e-01 4.080904400788343267e-03
2.459675564291473944e+06 9.983089440036183593e-01 4.080904400788343267e-03
2.459675565680352505e+06 1.003883474409925425e+00 4.080904400788343267e-03
2.459675567069231533e+06 1.003227519651326283e+00 4.080904400788343267e-03
2.459675568458109628e+06 1.006402771438254407e+00 4.080904400788343267e-03
2.459675569846988190e+06 1.001258986927687777e+00 4.080904400788343267e-03
2.459675571235867217e+06 1.000420242599843634e+00 4.080904400788343267e-03
2.459675572624745313e+06 9.940414957822012454e-01 4.080904400788343267e-03
2.459675574013623875e+06 1.000051335723515233e+00 4.080904400788343267e-03
2.459675575402502436e+06 9.996520809092723781e-01 4.080904400788343267e-03
2.459675576791380998e+06 1.000008108317369304e+00 4.080904400788343267e-03
2.459675578180259559e+06 1.006887987722597355e+00 4.080904400788343267e-03
2.459690058478462510e+06 9.953978587486332907e-01 4.080904400788343267e-03
2.459690059867318720e+06 9.984100930102083327e-01 4.080904400788343267e-03
2.459690061256174464e+06 1.000421738093925095e+00 4.080904400788343267e-03
2.459690062645030674e+06 9.986932958050335207e-01 4.080904400788343267e-03
2.459690064033886883e+06 9.980345259122407331e-01 4.080904400788343267e-03
2.459690065422743093e+06 9.989524847984356803e-01 4.080904400788343267e-03
2.459690066811599303e+06 9.958030739177397006e-01 4.080904400788343267e-03
2.459690068200455047e+06 1.003419716530679739e+00 4.080904400788343267e-03
2.459690069589311257e+06 9.981960664073482592e-01 4.080904400788343267e-03
2.459690070978167467e+06 1.003560361501947273e+00 4.080904400788343267e-03
2.459690072367023211e+06 1.010024775783696649e+00 4.080904400788343267e-03
2.459690073755879421e+06 1.003831428963097627e+00 4.080904400788343267e-03
2.459690075144735631e+06 9.979826053362945704e-01 4.080904400788343267e-03
2.459690076533591375e+06 9.972567418836658648e-01 4.080904400788343267e-03
2.459690077922447585e+06 9.949337184170207182e-01 4.080904400788343267e-03
2.459690079311303794e+06 1.004423892380323702e+00 4.080904400788343267e-03
2.459690080700159539e+06 1.001586425539140679e+00 4.080904400788343267e-03
2.459690082089015748e+06 1.004640265430495560e+00 4.080904400788343267e-03
2.459690083477871493e+06 1.004359476589089750e+00 4.080904400788343267e-03
2.459690084866727702e+06 9.969700946826542953e-01 4.080904400788343267e-03
2.459690086255583912e+06 9.928169399221139502e-01 4.080904400788343267e-03
2.459690087644439656e+06 9.974376046277180219e-01 4.080904400788343267e-03
2.459690089033295866e+06 9.956207667946134210e-01 4.080904400788343267e-03
2.459690090422151610e+06 1.001711866112715565e+00 4.080904400788343267e-03
2.459690091811007820e+06 9.992984536444284860e-01 4.080904400788343267e-03
2.459690093199863564e+06 9.986693565419075824e-01 4.080904400788343267e-03
2.459690094588719774e+06 1.007246957687024214e+00 4.080904400788343267e-03
2.459690095977575518e+06 9.994462937975163719e-01 4.080904400788343267e-03
2.459690097366431728e+06 1.000069485998758445e+00 4.080904400788343267e-03
2.459690098755287472e+06 1.005125672107767931e+00 4.080904400788343267e-03
2.459690100144143682e+06 9.996526246452648312e-01 4.080904400788343267e-03
2.459690101532999892e+06 9.957954493129206330e-01 4.080904400788343267e-03
2.459690102921855636e+06 1.001086237848852756e+00 4.080904400788343267e-03
2.459690104310711380e+06 9.981655672142141222e-01 4.080904400788343267e-03
2.459690105699567590e+06 9.973400984150250226e-01 4.080904400788343267e-03
2.459690107088423334e+06 1.002069774152429815e+00 4.080904400788343267e-03
2.459690108477279544e+06 9.977691656985170354e-01 4.080904400788343267e-03
2.459690109866135288e+06 1.004349241911207447e+00 4.080904400788343267e-03
2.459690111254991498e+06 9.983747877076604160e-01 4.080904400788343267e-03
2.459690112643847242e+06 9.942459722188147220e-01 4.080904400788343267e-03
2.459690114032702986e+06 1.001549398512908251e+00 4.080904400788343267e-03
2.459690115421559196e+06 1.002108839148350361e+00 4.080904400788343267e-03
2.459690116810415406e+06 9.982712583600253931e-01 4.080904400788343267e-03
2.459690118199271150e+06 1.002845547256209002e+00 4.080904400788343267e-03
2.459690119588126894e+06 1.002680094267964783e+00 4.080904400788343267e-03
2.459690120976982638e+06 9.965729399070075711e-01 4.080904400788343267e-03
2.459690122365838848e+06 9.997150161131757029e-01 4.080904400788343267e-03
2.459690123754695058e+06 9.963784250792325770e-01 4.080904400788343267e-03
2.459690125143550802e+06 9.937960028094282583e-01 4.080904400788343267e-03
2.459690126532406546e+06 1.001371629070408442e+00 4.080904400788343267e-03
2.459690127921262756e+06 9.983936831602006068e-01 4.080904400788343267e-03
2.459690129310118500e+06 9.997613096043517222e-01 4.080904400788343267e-03
2.459690130698974244e+06 9.950707277001208384e-01 4.080904400788343267e-03
2.459690132087829988e+06 9.987384538095875897e-01 4.080904400788343267e-03
2.459690133476686198e+06 9.987971364022963927e-01 4.080904400788343267e-03
2.459690134865541942e+06 9.928792168954638786e-01 4.080904400788343267e-03
2.459690136254397687e+06 9.954063777688026970e-01 4.080904400788343267e-03
2.459690137643253896e+06 9.980056589000366740e-01 4.080904400788343267e-03
2.459690139032109641e+06 9.962793536172243059e-01 4.080904400788343267e-03
2.459690140420965385e+06 9.937968662559840682e-01 4.080904400788343267e-03
2.459690141809821595e+06 9.951441275124430774e-01 4.080904400788343267e-03
2.459690143198677339e+06 9.984720036239009833e-01 4.080904400788343267e-03
2.459690144587533083e+06 1.005376962414947117e+00 4.080904400788343267e-03
2.459690145976389293e+06 9.965888329030244686e-01 4.080904400788343267e-03
2.459690147365245037e+06 1.004737648918530679e+00 4.080904400788343267e-03
2.459690148754100781e+06 9.960725530036873554e-01 4.080904400788343267e-03
2.459690150142956525e+06 9.982148704731799160e-01 4.080904400788343267e-03
2.459690151531812269e+06 1.001646223410814995e+00 4.080904400788343267e-03
2.459690152920668479e+06 1.018557331003276278e+00 4.080904400788343267e-03
2.459690154309524223e+06 1.005590051935278950e+00 4.080904400788343267e-03
2.459690155698379967e+06 9.968094761680654781e-01 4.080904400788343267e-03
2.459690157087235712e+06 1.004728577603903217e+00 4.080904400788343267e-03
2.459690158476091456e+06 9.980460368196808485e-01 4.080904400788343267e-03
2.459690159864947665e+06 1.000006398515576489e+00 4.080904400788343267e-03
2.459690161253803410e+06 1.000701333132532511e+00 4.080904400788343267e-03
2.459690162642659154e+06 1.001133659855545810e+00 4.080904400788343267e-03
2.459690164031514898e+06 9.952258592060074793e-01 4.080904400788343267e-03
2.459690165420370642e+06 1.000202130940087697e+00 4.080904400788343267e-03
2.459690166809226386e+06 9.990474228049696093e-01 4.080904400788343267e-03
2.459690168198082596e+06 9.977915128680027168e-01 4.080904400788343267e-03
2.459690169586937875e+06 1.003531714352763782e+00 4.080904400788343267e-03
2.459690170975794084e+06 9.997000786839898012e-01 4.080904400788343267e-03
2.459690172364649829e+06 9.930405401185297132e-01 4.080904400788343267e-03
2.459690173753505573e+06 1.007525765999011558e+00 4.080904400788343267e-03
2.459690175142361317e+06 9.967916203715853074e-01 4.080904400788343267e-03
2.459690176531217061e+06 9.953650886683983456e-01 4.080904400788343267e-03
2.459690177920072805e+06 9.960518302492729070e-01 4.080904400788343267e-03
2.459690179308928549e+06 1.000415277821538718e+00 4.080904400788343267e-03
2.459690180697784293e+06 9.991156487818764198e-01 4.080904400788343267e-03
2.459690182086640038e+06 9.973794946499537906e-01 4.080904400788343267e-03
2.459690183475496247e+06 1.001038027007215225e+00 4.080904400788343267e-03
2.459690184864351526e+06 1.004520136404791097e+00 4.080904400788343267e-03
2.459690186253207270e+06 9.925100161360153050e-01 4.080904400788343267e-03
2.459690187642063480e+06 9.993360078807846936e-01 4.080904400788343267e-03
2.459690189030918758e+06 9.984050404469129170e-01 4.080904400788343267e-03
2.459690190419774968e+06 9.991907450587074191e-01 4.080904400788343267e-03
2.459690191808630712e+06 9.984640416089226589e-01 4.080904400788343267e-03
2.459690193197485991e+06 1.004289846889487192e+00 4.080904400788343267e-03
2.459690194586342201e+06 1.007052567619975969e+00 4.080904400788343267e-03
2.459690195975197479e+06 9.924731580763607175e-01 4.080904400788343267e-03
2.459690197364053223e+06 9.944801891996843946e-01 4.080904400788343267e-03
2.459690198752908967e+06 9.993735225523117105e-01 4.080904400788343267e-03
2.459690200141764712e+06 9.998114073296320292e-01 4.080904400788343267e-03
2.459690201530620456e+06 9.965569949511472458e-01 4.080904400788343267e-03
2.459690202919476200e+06 1.001615668884150212e+00 4.080904400788343267e-03
2.459690204308331944e+06 9.992753236900978608e-01 4.080904400788343267e-03
2.459690205697187688e+06 1.000706133310262702e+00 4.080904400788343267e-03
2.459690207086043432e+06 1.005257774990634623e+00 4.080904400788343267e-03
2.459690208474899177e+06 9.914862816113105826e-01 4.080904400788343267e-03
2.459690209863754921e+06 9.896200896678525316e-01 4.080904400788343267e-03
2.459690211252610199e+06 9.957479778889450905e-01 4.080904400788343267e-03
2.459690212641465943e+06 9.941824251071418317e-01 4.080904400788343267e-03
2.459690214030321687e+06 9.963087493652739157e-01 4.080904400788343267e-03
2.459690215419177432e+06 9.992954316208775278e-01 4.080904400788343267e-03
2.459690216808033176e+06 1.004631509533943756e+00 4.080904400788343267e-03
2.459690218196888920e+06 9.959850072194231796e-01 4.080904400788343267e-03
2.459690219585744664e+06 9.986731501468674166e-01 4.080904400788343267e-03
2.459690220974600408e+06 9.850061443479976031e-01 4.080904400788343267e-03
2.459690222363455687e+06 9.950871483762132597e-01 4.080904400788343267e-03
2.459690223752311431e+06 9.908838197064626652e-01 4.080904400788343267e-03
2.459690225141167175e+06 1.000121396036043997e+00 4.080904400788343267e-03
2.459690226530022919e+06 1.000081926840904467e+00 4.080904400788343267e-03
2.459690227918878198e+06 9.958273522131458888e-01 4.080904400788343267e-03
2.459690229307733942e+06 9.952079043481391052e-01 4.080904400788343267e-03
2.459690230696589686e+06 9.954395753582239159e-01 4.080904400788343267e-03
2.459690232085445430e+06 9.990913851675276014e-01 4.080904400788343267e-03
2.459690233474300709e+06 9.928625753785073060e-01 4.080904400788343267e-03
2.459690234863156453e+06 9.896236995370519818e-01 4.080904400788343267e-03
2.459690236252012197e+06 9.918817287623161727e-01 4.080904400788343267e-03
2.459690237640867475e+06 9.943652340759118191e-01 4.080904400788343267e-03
2.459690239029723220e+06 9.881715498903661521e-01 4.080904400788343267e-03
2.459690240418578964e+06 9.907148422649570962e-01 4.080904400788343267e-03
2.459690241807434708e+06 9.912233313809016844e-01 4.080904400788343267e-03
2.459690243196290452e+06 9.938339787974285189e-01 4.080904400788343267e-03
2.459690244585145731e+06 9.909319409263666056e-01 4.080904400788343267e-03
2.459690245974001475e+06 9.926341440326160726e-01 4.080904400788343267e-03
2.459690247362857219e+06 9.896424733918299799e-01 4.080904400788343267e-03
2.459690248751712497e+06 9.918319271699379547e-01 4.080904400788343267e-03
2.459690250140568241e+06 9.916407116357754958e-01 4.080904400788343267e-03
2.459690251529423986e+06 9.933761847963219482e-01 4.080904400788343267e-03
2.459690252918279264e+06 9.942429658918130464e-01 4.080904400788343267e-03
2.459690254307135008e+06 9.976626100346339676e-01 4.080904400788343267e-03
2.459690255695990287e+06 9.917069112380967333e-01 4.080904400788343267e-03
2.459690257084846031e+06 9.988913610701636303e-01 4.080904400788343267e-03
2.459690258473701775e+06 9.901737300358759430e-01 4.080904400788343267e-03
2.459690259862557054e+06 1.006428066606066762e+00 4.080904400788343267e-03
2.459690261251412798e+06 9.963273285810713142e-01 4.080904400788343267e-03
2.459690262640268076e+06 9.871610914767039446e-01 4.080904400788343267e-03
2.459690264029123820e+06 9.904459385949501149e-01 4.080904400788343267e-03
2.459690265417979099e+06 9.960563241543097801e-01 4.080904400788343267e-03
2.459690266806834843e+06 9.893319800057633895e-01 4.080904400788343267e-03
2.459690268195690122e+06 9.925321421622829154e-01 4.080904400788343267e-03
2.459690269584545866e+06 9.964018116720825269e-01 4.080904400788343267e-03
2.459690270973401144e+06 9.953309297553807333e-01 4.080904400788343267e-03
2.459690272362256888e+06 9.865223966059937233e-01 4.080904400788343267e-03
2.459690273751112632e+06 9.862981638561372222e-01 4.080904400788343267e-03
2.459690275139967911e+06 9.884153224358618317e-01 4.080904400788343267e-03
2.459690276528823189e+06 9.931926801719535014e-01 4.080904400788343267e-03
2.459690277917678934e+06 9.958085308233342037e-01 4.080904400788343267e-03
2.459690279306534212e+06 9.897135603307219975e-01 4.080904400788343267e-03
2.459690280695389956e+06 9.959380524290429859e-01 4.080904400788343267e-03
2.459690282084245235e+06 9.894938854180849175e-01 4.080904400788343267e-03
2.459690283473100979e+06 9.965781951098447999e-01 4.080904400788343267e-03
2.459690284861956257e+06 9.902868551596033520e-01 4.080904400788343267e-03
2.459690286250811536e+06 9.929390836911319296e-01 4.080904400788343267e-03
2.459690287639667280e+06 9.909636166477594488e-01 4.080904400788343267e-03
2.459690289028523024e+06 9.933128977584952946e-01 4.080904400788343267e-03
2.459690290417378303e+06 9.907530460118693094e-01 4.080904400788343267e-03
2.459690291806233581e+06 9.916561639156674657e-01 4.080904400788343267e-03
2.459690293195088860e+06 9.885191992221468160e-01 4.080904400788343267e-03
2.459690294583944604e+06 9.949883276881855698e-01 4.080904400788343267e-03
2.459690295972799882e+06 9.940874988386459998e-01 4.080904400788343267e-03
2.459690297361655161e+06 9.966582209716757790e-01 4.080904400788343267e-03
2.459690298750510905e+06 9.883264683428197861e-01 4.080904400788343267e-03
2.459690300139366183e+06 9.960810947217234590e-01 4.080904400788343267e-03
2.459690301528221462e+06 9.952767762658959461e-01 4.080904400788343267e-03
2.459690302917077206e+06 1.000213929241481781e+00 4.080904400788343267e-03
2.459690304305932485e+06 9.904433551218480014e-01 4.080904400788343267e-03
2.459690305694787763e+06 9.934531835170722358e-01 4.080904400788343267e-03
2.459690307083643507e+06 9.973907119201239624e-01 4.080904400788343267e-03
2.459690308472498786e+06 1.006065902817462776e+00 4.080904400788343267e-03
2.459690309861354064e+06 9.921482174741979021e-01 4.080904400788343267e-03
2.459690311250209808e+06 9.961103721752125884e-01 4.080904400788343267e-03
2.459690312639065087e+06 9.980513860674118387e-01 4.080904400788343267e-03
2.459690314027920365e+06 9.915255428973196450e-01 4.080904400788343267e-03
2.459690315416775644e+06 9.895072409329496166e-01 4.080904400788343267e-03
2.459690316805631388e+06 9.975961537345736652e-01 4.080904400788343267e-03
2.459690318194486666e+06 1.002809956482322074e+00 4.080904400788343267e-03
2.459690319583341945e+06 9.961932361370935407e-01 4.080904400788343267e-03
2.459690320972197223e+06 9.960342750323850636e-01 4.080904400788343267e-03
2.459690322361052968e+06 9.925275647113931399e-01 4.080904400788343267e-03
2.459690323749908246e+06 9.909275673679537322e-01 4.080904400788343267e-03
2.459690325138763525e+06 9.979488611556120992e-01 4.080904400788343267e-03
2.459690326527618803e+06 9.956435475819247483e-01 4.080904400788343267e-03
2.459690327916474082e+06 9.928629160524190533e-01 4.080904400788343267e-03
2.459690329305329360e+06 1.003811538065521036e+00 4.080904400788343267e-03
2.459690330694184639e+06 9.990926153129560117e-01 4.080904400788343267e-03
2.459690332083040383e+06 9.998058900629055445e-01 4.080904400788343267e-03
2.459690333471895661e+06 9.940778023867160584e-01 4.080904400788343267e-03
2.459690334860750940e+06 1.002368095959208727e+00 4.080904400788343267e-03
2.459690336249606218e+06 9.980029210990770672e-01 4.080904400788343267e-03
2.459690337638461497e+06 9.983946599032033076e-01 4.080904400788343267e-03
2.459690339027316775e+06 1.007310124410795149e+00 4.080904400788343267e-03
2.459690340416172054e+06 9.979513711446172941e-01 4.080904400788343267e-03
2.459690341805027332e+06 1.003072078275905499e+00 4.080904400788343267e-03
2.459690343193882611e+06 1.001298152393046426e+00 4.080904400788343267e-03
2.459690344582738355e+06 9.979719096421824087e-01 4.080904400788343267e-03
2.459690345971593168e+06 9.989310746420658749e-01 4.080904400788343267e-03
2.459690347360448912e+06 9.998069202059920446e-01 4.080904400788343267e-03
2.459690348749304190e+06 1.000966770174464004e+00 4.080904400788343267e-03
2.459690350138159003e+06 9.976592546166126452e-01 4.080904400788343267e-03
2.459690351527014747e+06 1.003583414951325858e+00 4.080904400788343267e-03
2.459690352915869560e+06 1.000315778987391324e+00 4.080904400788343267e-03
2.459690354304724839e+06 9.958759036692144129e-01 4.080904400788343267e-03
2.459690355693580583e+06 1.000211754676652465e+00 4.080904400788343267e-03
2.459690357082435396e+06 9.889241496694237687e-01 4.080904400788343267e-03
2.459690358471290674e+06 9.934762413837252559e-01 4.080904400788343267e-03
2.459690359860146418e+06 1.000591321112533905e+00 4.080904400788343267e-03
2.459690361249001231e+06 1.000591295701939387e+00 4.080904400788343267e-03
2.459690362637856510e+06 9.994099116722860998e-01 4.080904400788343267e-03
2.459690364026711788e+06 9.958388073120411077e-01 4.080904400788343267e-03
2.459690365415567067e+06 1.005667977378119637e+00 4.080904400788343267e-03
2.459690366804422345e+06 1.002937499161574486e+00 4.080904400788343267e-03
2.459690368193277624e+06 9.970931406846248457e-01 4.080904400788343267e-03
2.459690369582132902e+06 9.997774679711534107e-01 4.080904400788343267e-03
2.459690370970988180e+06 1.001201881523735571e+00 4.080904400788343267e-03
2.459690372359842993e+06 1.000146456057104061e+00 4.080904400788343267e-03
2.459690373748698737e+06 1.001122493315705464e+00 4.080904400788343267e-03
2.459690375137554016e+06 1.000645924054074154e+00 4.080904400788343267e-03
2.459690376526408829e+06 1.001292966741089252e+00 4.080904400788343267e-03
2.459690377915264107e+06 9.948488530820195352e-01 4.080904400788343267e-03
2.459690379304119386e+06 9.997400715671862503e-01 4.080904400788343267e-03
2.459690380692974664e+06 1.004115740305046467e+00 4.080904400788343267e-03
2.459690382081829943e+06 1.005021704820339590e+00 4.080904400788343267e-03
2.459690383470684756e+06 1.001795968376455903e+00 4.080904400788343267e-03
2.459690384859540034e+06 9.985710086651884421e-01 4.080904400788343267e-03
2.459690386248395313e+06 1.006764534081602047e+00 4.080904400788343267e-03
2.459690387637250591e+06 1.008265573760694700e+00 4.080904400788343267e-03
2.459690389026105404e+06 1.001670326706741054e+00 4.080904400788343267e-03
2.459690390414960682e+06 1.004827940521157759e+00 4.080904400788343267e-03
2.459690391803815961e+06 9.942361055927703140e-01 4.080904400788343267e-03
2.459690393192671239e+06 1.004950086785652452e+00 4.080904400788343267e-03
2.459690394581526052e+06 9.997736049011939352e-01 4.080904400788343267e-03
2.459690395970381331e+06 1.004750513960168457e+00 4.080904400788343267e-03
2.459690397359236609e+06 9.979568025759888439e-01 4.080904400788343267e-03
2.459690398748091422e+06 9.982890149781107336e-01 4.080904400788343267e-03
2.459690400136946701e+06 1.000308317038408612e+00 4.080904400788343267e-03
2.459690401525801979e+06 9.982599220043966159e-01 4.080904400788343267e-03
2.459690402914656792e+06 1.000389374042546686e+00 4.080904400788343267e-03
2.459690404303512070e+06 9.955000648940162122e-01 4.080904400788343267e-03
2.459690405692367349e+06 1.001042618570344489e+00 4.080904400788343267e-03
2.459690407081222162e+06 9.992211961037311685e-01 4.080904400788343267e-03
2.459690408470077440e+06 9.977268701976595988e-01 4.080904400788343267e-03
2.459690409858932719e+06 9.933063949148713823e-01 4.080904400788343267e-03
2.459690411247787531e+06 1.004430197059495766e+00 4.080904400788343267e-03
2.459690412636642810e+06 1.000565334698235276e+00 4.080904400788343267e-03
2.459690414025497623e+06 9.939950854909938016e-01 4.080904400788343267e-03
2.459690415414352901e+06 9.966376753681261969e-01 4.080904400788343267e-03
2.459690416803208180e+06 9.986875280502626184e-01 4.080904400788343267e-03
2.459690418192062993e+06 9.944182722975982713e-01 4.080904400788343267e-03
2.459690419580918271e+06 9.981073612919550975e-01 4.080904400788343267e-03
2.459690420969773084e+06 1.005479316193817363e+00 4.080904400788343267e-03
2.459690422358628362e+06 9.993786778185751452e-01 4.080904400788343267e-03
2.459690423747483641e+06 9.986136645681346069e-01 4.080904400788343267e-03
2.459690425136338454e+06 1.000345736790103635e+00 4.080904400788343267e-03
2.459690426525193732e+06 1.001070598418570601e+00 4.080904400788343267e-03
2.459690427914048545e+06 9.998511268245172667e-01 4.080904400788343267e-03
2.459690429302903358e+06 1.000351532101120933e+00 4.080904400788343267e-03
2.459690430691758636e+06 1.006156756980686851e+00 4.080904400788343267e-03
2.459690432080613449e+06 1.004460476293117521e+00 4.080904400788343267e-03
2.459690433469468728e+06 1.005871847180687118e+00 4.080904400788343267e-03
2.459690434858324006e+06 9.992376594608096685e-01 4.080904400788343267e-03
2.459690436247178819e+06 9.971775715678720120e-01 4.080904400788343267e-03
2.459690437636033632e+06 9.978001743747485497e-01 4.080904400788343267e-03
2.459690439024888445e+06 1.001385838029942965e+00 4.080904400788343267e-03
2.459690440413743723e+06 1.004661932202130847e+00 4.080904400788343267e-03
2.459690441802599002e+06 1.000994263747523538e+00 4.080904400788343267e-03
2.459690443191453815e+06 1.004379793154288603e+00 4.080904400788343267e-03
2.459690444580308627e+06 1.003717982660115249e+00 4.080904400788343267e-03
