#BJD_TDB	rel_flux_T1_n	rel_flux_err_T1_n	Y(FITS)_T1
2460009.787890	1.000067	0.001550	1681.402873
2460009.788761	1.005922	0.001539	1681.786079
2460009.789647	1.000015	0.001665	1681.502512
2460009.790531	1.000579	0.002707	1681.686766
2460009.791402	0.998599	0.002284	1681.770654
2460009.792271	1.002474	0.002885	1681.730587
2460009.793144	1.000571	0.002240	1681.595331
2460009.794011	1.000160	0.002110	1681.802923
2460009.794891	0.992907	0.002214	1681.769936
2460009.795755	1.005566	0.002080	1681.808123
2460009.796624	0.998654	0.002366	1681.765926
2460009.797501	0.999952	0.003133	1681.529304
2460009.798373	1.004569	0.002347	1681.684391
2460009.799238	0.990130	0.002451	1681.796734
2460009.800108	1.004309	0.003144	1681.670834
2460009.800996	1.000356	0.002725	1681.817381
2460009.801869	0.998158	0.002740	1681.781816
2460009.802735	1.000308	0.002903	1681.669285
2460009.803610	1.001365	0.003207	1681.869827
2460009.804483	0.991183	0.005477	1681.533700
2460009.805353	0.999003	0.003218	1681.560720
2460009.806223	0.998792	0.003623	1681.952930
2460009.807092	1.005677	0.006622	1681.652002
2460009.807969	0.995822	0.007101	1681.933100
2460009.808853	0.998443	0.004791	1681.521048
2460009.809723	1.006263	0.003912	1682.179093
2460009.810600	1.004543	0.002362	1681.843812
2460009.811469	0.995136	0.001995	1681.911682
2460009.812340	1.000286	0.001758	1681.687292
2460009.813211	0.999418	0.001572	1681.755983
2460009.814118	0.999240	0.001546	1681.863986
2460009.814987	1.001662	0.001468	1681.843466
2460009.815856	0.999114	0.001487	1681.919210
2460009.816731	0.998321	0.001446	1682.021177
2460009.817601	0.999440	0.001472	1681.867856
2460009.818467	1.002221	0.001424	1681.794679
2460009.819336	1.000531	0.001587	1681.660350
2460009.820215	0.995595	0.002681	1681.622714
2460009.821085	0.998814	0.002076	1681.419597
2460009.821962	0.994509	0.002047	1681.939022
2460009.822831	0.999099	0.002036	1681.884872
2460009.823719	1.004665	0.001980	1681.793113
2460009.824585	1.001498	0.002191	1681.631478
2460009.825455	0.997876	0.002625	1681.693701
2460009.826321	0.996756	0.005247	1681.335734
2460009.827215	1.002996	0.003623	1681.592840
2460009.828078	0.994754	0.002825	1681.887551
2460009.828953	1.000557	0.002254	1681.690962
2460009.829833	0.994409	0.002399	1681.407330
2460009.830743	0.993701	0.002332	1681.849683
2460009.831624	0.999300	0.002811	1681.776972
2460009.832491	1.000794	0.002644	1681.207070
2460009.833364	0.998013	0.002896	1681.472962
2460009.834231	0.999500	0.002703	1681.787193
2460009.835103	0.996912	0.002740	1681.627354
2460009.836012	0.994824	0.003697	1681.530429
2460009.836881	0.993085	0.002277	1681.820623
2460009.837749	0.998755	0.002347	1681.665337
2460009.838620	0.995718	0.002592	1681.796875
2460009.839504	0.999418	0.003437	1681.605798
2460009.840382	0.985102	0.003845	1681.975301
2460009.841251	0.993382	0.004071	1681.795939
2460009.842119	0.999166	0.003582	1682.216751
2460009.842995	0.997149	0.002970	1681.713886
2460009.843895	0.989726	0.002840	1681.750204
2460009.844765	0.993497	0.003408	1681.814773
2460009.845647	0.997790	0.002436	1681.589807
2460009.846546	0.992392	0.003015	1681.515576
2460009.847433	0.998569	0.002073	1681.749227
2460009.848303	0.997416	0.001680	1681.547951
2460009.849170	0.987301	0.003211	1682.022268
2460009.850050	0.997802	0.002829	1681.536188
2460009.850927	0.989878	0.003482	1681.374957
2460009.851801	0.995725	0.002877	1681.617278
2460009.852684	0.997805	0.003741	1682.149062
2460009.853553	0.995781	0.003256	1681.415527
2460009.854417	0.997698	0.004679	1681.751690
2460009.855295	0.998513	0.002896	1681.944014
2460009.856192	0.991925	0.003615	1681.939417
2460009.857077	0.995225	0.004053	1681.371923
2460009.857953	0.993756	0.005180	1681.484733
2460009.858822	1.001743	0.004068	1681.762528
2460009.859692	0.995136	0.002021	1681.810393
2460009.860563	0.995610	0.002232	1681.387523
2460009.861436	0.995276	0.001468	1681.751470
2460009.862309	0.991906	0.001465	1681.651015
2460009.863178	0.994713	0.002366	1681.543988
2460009.864051	0.994205	0.002629	1681.456181
2460009.864921	0.996285	0.003789	1681.551893
2460009.865792	1.000668	0.004246	1681.483319
2460009.866670	0.998102	0.002851	1681.770536
2460009.867543	0.999110	0.002425	1681.974057
2460009.868426	0.994442	0.001843	1681.698160
2460009.869319	0.992811	0.001809	1681.739847
2460009.870195	0.990786	0.002677	1681.399489
2460009.871062	0.991576	0.006170	1681.760018
2460009.871928	0.997516	0.003467	1681.790065
2460009.872808	0.990805	0.003196	1681.640965
2460009.873678	0.991836	0.003378	1681.302862
2460009.874553	0.992644	0.003649	1681.831640
2460009.875423	0.998339	0.003630	1681.304335
2460009.876301	0.997171	0.003482	1681.446554
2460009.877180	0.999819	0.002091	1681.610998
2460009.878051	0.990341	0.002729	1681.718502
2460009.878929	0.992529	0.002989	1681.523925
2460009.879796	0.989325	0.002050	1681.320961
2460009.880680	0.993994	0.001936	1681.595949
2460009.881553	0.994301	0.001620	1681.386690
2460009.882451	0.993600	0.001498	1681.618384
2460009.883333	0.992462	0.001535	1681.602196
2460009.884202	0.991750	0.001706	1681.328234
2460009.885072	0.993041	0.001695	1681.457436
2460009.885940	0.993400	0.001772	1681.400380
2460009.886807	0.994561	0.002099	1681.472639
2460009.887675	0.991035	0.001639	1681.212586
2460009.888551	0.996089	0.001546	1681.405082
2460009.889422	0.995258	0.001498	1681.310885
2460009.890300	0.991628	0.001535	1681.028257
2460009.891166	0.992410	0.001557	1681.171083
2460009.892036	0.996152	0.001732	1681.255690
2460009.892909	0.993593	0.001724	1681.352909
2460009.893783	0.990408	0.001936	1681.287358
2460009.894671	0.993467	0.001965	1681.230772
2460009.895603	0.997086	0.002210	1681.215029
2460009.896478	0.991112	0.002195	1681.251965
2460009.897348	0.992985	0.002277	1681.545311
2460009.898250	0.995836	0.001999	1681.252317
2460009.899119	0.997034	0.001869	1681.518667
2460009.899987	0.991836	0.001843	1681.473836
2460009.900861	0.992596	0.002013	1681.364540
2460009.901746	0.993656	0.002184	1681.414104
2460009.902613	0.991991	0.002117	1681.238099
2460009.903477	0.992955	0.002373	1681.389459
2460009.904352	0.989848	0.002725	1681.478455
2460009.905223	0.995807	0.001861	1681.436044
2460009.906105	0.995603	0.001502	1681.396608
2460009.906975	0.992555	0.001524	1681.415980
2460009.907846	0.994108	0.001561	1681.197719
2460009.908716	0.993408	0.001513	1681.464487
2460009.909583	0.994387	0.001591	1681.294974
2460009.910456	0.995210	0.001672	1681.247799
2460009.911324	0.988083	0.001613	1681.102566
2460009.912205	0.994442	0.001643	1681.356115
2460009.913072	0.994687	0.001695	1681.295234
2460009.913956	0.991539	0.001698	1681.427070
2460009.914811	0.994876	0.002091	1681.537438
2460009.915682	0.994060	0.001880	1681.170212
2460009.916561	0.991906	0.001798	1681.384609
2460009.917433	0.995032	0.001643	1681.136274
2460009.918308	0.992162	0.001739	1681.276807
2460009.919185	0.993745	0.001561	1681.298647
2460009.920053	0.993489	0.001491	1681.312611
2460009.920921	0.992325	0.001683	1681.351621
2460009.921797	0.996133	0.001724	1681.255455
2460009.922680	0.996159	0.001702	1681.282611
2460009.923554	0.992896	0.001683	1681.327506
2460009.924424	0.993504	0.001921	1681.057139
2460009.925290	0.991850	0.002247	1681.219289
2460009.926171	0.995517	0.002221	1681.109507
2460009.927043	0.995447	0.002388	1681.053774
2460009.927913	0.993448	0.002065	1681.120753
2460009.928787	0.991509	0.001732	1681.186953
2460009.929660	0.991027	0.001657	1681.025775
2460009.930530	0.992284	0.001873	1681.282875
2460009.931402	1.001283	0.001854	1681.330226
2460009.932260	0.997724	0.001672	1681.308066
2460009.933130	0.994034	0.001661	1681.338970
2460009.933995	0.989422	0.001517	1681.071759
2460009.934874	0.995061	0.001572	1681.533236
2460009.935743	0.989018	0.001854	1681.094633
2460009.936616	0.993152	0.001991	1681.060962
2460009.937485	0.990464	0.001646	1681.501319
2460009.938366	0.993474	0.001587	1681.207149
2460009.939234	0.990960	0.001402	1681.111069
2460009.940098	0.995740	0.001509	1681.396201
2460009.940962	0.994075	0.001531	1680.895584
2460009.941839	0.997097	0.001546	1681.275201
2460009.942705	0.993749	0.001895	1681.215056
2460009.943572	1.001624	0.002002	1681.416051
2460009.944437	0.997701	0.001431	1681.495315
2460009.945305	0.999322	0.001502	1681.135414
2460009.946178	0.997794	0.001335	1681.220433
2460009.947043	0.992644	0.001290	1681.124612
2460009.947922	0.997946	0.001290	1681.193787
2460009.948791	0.997379	0.001301	1681.287986
2460009.949661	0.997179	0.001309	1681.062677
2460009.950534	0.997790	0.001313	1681.236366
2460009.951406	0.997245	0.001305	1681.332546
2460009.952276	0.999429	0.001327	1681.367644
2460009.953147	0.998903	0.001420	1681.385286
2460009.954028	0.996411	0.001346	1681.200593
2460009.954894	0.997290	0.001327	1681.205756
2460009.955771	0.993897	0.001350	1681.119399
2460009.956642	0.995784	0.001528	1681.397394
2460009.957509	1.001591	0.001372	1681.410660
2460009.958394	0.999300	0.001379	1681.251460
2460009.959278	0.999415	0.001394	1681.256028
2460009.960148	0.999033	0.001442	1681.167851
2460009.961016	0.997968	0.001513	1681.113632
2460009.961892	0.999296	0.001847	1681.377122
2460009.962762	1.002863	0.001832	1681.192791
2460009.963627	1.001083	0.001802	1681.277005
2460009.964496	0.998647	0.001520	1681.098702
2460009.965362	0.998043	0.001498	1681.312817
2460009.966267	1.001094	0.001461	1681.388809
2460009.967177	0.999429	0.001402	1681.437801
2460009.968049	1.001958	0.001365	1681.272546
2460009.968945	1.000468	0.001365	1681.298682
2460009.969813	0.999203	0.001361	1681.339547
2460009.970689	1.002588	0.001353	1681.253808
2460009.971566	0.997219	0.001402	1681.679590
2460009.972435	1.001250	0.001376	1681.372851
2460009.973313	1.001769	0.001454	1681.365413
2460009.974179	0.996367	0.001539	1681.263658
2460009.975047	1.003790	0.001609	1681.322819
2460009.975915	0.999418	0.001402	1681.269875
2460009.976792	1.000023	0.001346	1681.174356
2460009.977661	1.002655	0.001413	1681.399933
2460009.978529	1.000316	0.001387	1681.371456
2460009.979410	0.999911	0.001350	1681.076177
2460009.980280	1.002017	0.001331	1681.120280
2460009.981186	1.001435	0.001331	1681.364419
2460009.982062	0.997271	0.001327	1681.433057
2460009.982930	1.002451	0.001342	1681.818768
2460009.983800	1.002055	0.001376	1681.773070
2460009.984669	1.000338	0.001420	1681.888246
2460009.985540	0.998480	0.001435	1681.656463
2460009.986409	1.000835	0.001454	1681.445684
2460009.987280	1.000301	0.001446	1681.662585
2460009.988162	0.994305	0.001416	1681.945603
2460009.989043	0.999504	0.001420	1681.929687
2460009.989910	1.002411	0.001420	1681.726340
2460009.990785	1.002677	0.001431	1682.303472
2460009.991664	0.999563	0.001465	1682.326146
2460009.992530	0.998406	0.001446	1681.795774
2460009.993401	1.001906	0.001454	1682.478783
2460009.994271	1.000312	0.001468	1682.604718
2460009.995138	0.999848	0.001483	1682.492387
2460009.996004	0.999470	0.001461	1682.258552
2460009.996877	0.998862	0.001468	1682.171601
2460009.997748	1.000605	0.001446	1681.675383
2460009.998627	0.999114	0.001413	1681.473699
2460009.999501	0.997764	0.001387	1681.747159
2460010.000377	1.002081	0.001376	1681.725032
2460010.001243	1.004253	0.001383	1681.606455
2460010.002106	1.000430	0.001405	1681.554343
2460010.002980	0.995102	0.001416	1681.611942
2460010.003857	0.998569	0.001416	1681.648030
2460010.004734	0.998747	0.001420	1681.726642
2460010.005599	0.996478	0.001461	1681.920350
2460010.006465	0.997305	0.001483	1682.323457
2460010.007336	0.996975	0.001568	1682.229192
2460010.008207	1.001380	0.001557	1682.704933
2460010.009080	0.999255	0.001561	1682.474178
2460010.009953	1.002151	0.001613	1682.492400
2460010.010821	0.998439	0.001750	1682.181782
2460010.011693	1.002132	0.001910	1682.284167
2460010.012581	0.999240	0.001706	1682.216787
2460010.013490	1.000401	0.001958	1682.473247
2460010.014362	0.998988	0.002217	1682.589672
2460010.015227	1.000445	0.002403	1682.727061
2460010.016111	1.003968	0.002547	1682.760248
2460010.017000	0.999570	0.002918	1682.818562
2460010.017869	1.004669	0.003196	1682.508041
2460010.018749	0.998506	0.002584	1682.857113
