#BJD_TDB	rel_flux_T1_n	rel_flux_err_T1_n	AIRMASS
2459593.508186	1.004692	0.004394	2.419214
2459593.509633	1.002843	0.004238	2.389506
2459593.511080	1.006448	0.004234	2.360505
2459593.512515	0.998639	0.004167	2.332414
2459593.513962	0.993800	0.004135	2.304758
2459593.515409	1.014318	0.004182	2.277746
2459593.518303	1.003740	0.004188	2.225574
2459593.519750	1.006523	0.004178	2.200376
2459593.521196	1.002801	0.004034	2.175748
2459593.522643	1.007710	0.004017	2.151671
2459593.524090	1.004759	0.003951	2.128130
2459593.525537	1.005787	0.003932	2.105109
2459593.526984	1.000433	0.003899	2.082592
2459593.528431	1.009937	0.003905	2.060566
2459593.529866	1.006148	0.003903	2.039187
2459593.531313	1.001787	0.003895	2.018096
2459593.532760	1.001891	0.003940	1.997456
2459593.534207	1.003136	0.003763	1.977253
2459593.535653	1.006645	0.003766	1.957476
2459593.537100	0.997164	0.003762	1.938113
2459593.538536	0.996532	0.003719	1.919302
2459593.539982	1.002460	0.003741	1.900731
2459593.541441	1.000909	0.003691	1.882397
2459593.542888	1.009486	0.003737	1.864581
2459593.544335	1.008335	0.003725	1.847128
2459593.545781	0.996087	0.003609	1.830027
2459593.547228	1.001931	0.003580	1.813269
2459593.548675	1.003419	0.003582	1.796846
2459593.550122	1.002948	0.003587	1.780748
2459593.551557	0.999280	0.003557	1.765094
2459593.553004	1.007297	0.003569	1.749623
2459593.555898	0.995887	0.003516	1.719580
2459593.557345	0.999752	0.003597	1.704994
2459593.558791	1.004788	0.003583	1.690688
2459593.560238	1.000962	0.003488	1.676657
2459593.561674	0.994121	0.003468	1.663003
2459593.563120	0.995050	0.003402	1.649499
2459593.564567	0.995060	0.003388	1.636251
2459593.566014	0.993700	0.003396	1.623252
2459593.567461	0.995506	0.003381	1.610497
2459593.568908	1.003194	0.003423	1.597979
2459593.570355	0.997190	0.003341	1.585695
2459593.571802	0.992519	0.003300	1.573638
2459593.573248	0.996094	0.003350	1.561804
2459593.574695	0.994322	0.003320	1.550187
2459593.576131	0.995740	0.003310	1.538874
2459593.577577	0.993534	0.003304	1.527677
2459593.579024	1.002717	0.003312	1.516683
2459593.580483	0.996532	0.003317	1.505803
2459593.581930	0.986784	0.003254	1.495206
2459593.583365	0.995897	0.003269	1.484882
2459593.584812	0.988845	0.003233	1.474661
2459593.586259	0.999534	0.003252	1.464623
2459593.587705	0.989433	0.003206	1.454764
2459593.589152	0.998202	0.003229	1.445082
2459593.590599	0.998374	0.003240	1.435571
2459593.592058	0.986432	0.003156	1.426155
2459593.593504	0.992583	0.003182	1.416980
2459593.594951	0.988722	0.003190	1.407967
2459593.596387	0.996999	0.003182	1.399182
2459593.597833	1.000365	0.003170	1.390483
2459593.599280	0.987586	0.003116	1.381936
2459593.600727	0.998771	0.003200	1.373538
2459593.602174	0.999707	0.003116	1.365288
2459593.605068	0.997474	0.003083	1.349218
2459593.606515	0.997143	0.003078	1.341392
2459593.607961	0.988925	0.003058	1.333703
2459593.609408	0.994550	0.003049	1.326148
2459593.610855	0.995820	0.003050	1.318724
2459593.612302	0.997366	0.003042	1.311429
2459593.613749	0.987637	0.003027	1.304261
2459593.615196	0.993562	0.003040	1.297217
2459593.616642	0.996792	0.003045	1.290296
2459593.618078	0.986753	0.002980	1.283549
2459593.619525	0.997430	0.003020	1.276865
2459593.620971	0.999861	0.003022	1.270298
2459593.622418	0.989133	0.003068	1.263845
2459593.623865	0.992366	0.002982	1.257504
2459593.625312	0.994179	0.002958	1.251273
2459593.626770	0.997896	0.002956	1.245102
2459593.628206	0.996067	0.002954	1.239136
2459593.629653	0.993495	0.002943	1.233226
2459593.631099	1.000101	0.002982	1.227419
2459593.632546	0.992287	0.002942	1.221714
2459593.633993	0.995099	0.002940	1.216109
2459593.635440	0.998401	0.002927	1.210603
2459593.636887	0.991120	0.002899	1.205194
2459593.638334	0.997616	0.002999	1.199881
2459593.639781	1.000272	0.002897	1.194662
2459593.641227	0.994058	0.002897	1.189535
2459593.642674	0.990607	0.002871	1.184500
2459593.644121	0.999599	0.002896	1.179555
2459593.645568	0.992773	0.002896	1.174698
2459593.647015	0.992913	0.002859	1.169929
2459593.648450	0.993111	0.002856	1.165284
2459593.649897	0.986340	0.002841	1.160685
2459593.651344	0.997448	0.002949	1.156170
2459593.652791	0.995944	0.002895	1.151738
2459593.654238	0.991156	0.002866	1.147388
2459593.655684	0.993411	0.002910	1.143118
2459593.657131	0.995481	0.002889	1.138927
2459593.658578	0.991492	0.002878	1.134814
2459593.660013	0.990830	0.002892	1.130811
2459593.661460	0.999351	0.002893	1.126851
2459593.662907	0.998709	0.002897	1.122967
2459593.664354	0.995508	0.002883	1.119157
2459593.665812	0.989463	0.002813	1.115391
2459593.667248	0.992338	0.002864	1.111756
2459593.668694	0.996433	0.002803	1.108164
2459593.670141	0.989741	0.002838	1.104642
2459593.671588	0.993981	0.002814	1.101191
2459593.673035	0.996256	0.002847	1.097808
2459593.674482	0.999663	0.002833	1.094494
2459593.675929	0.990914	0.002812	1.091248
2459593.677376	0.997455	0.002822	1.088068
2459593.678822	0.992776	0.002789	1.084954
2459593.680269	0.996250	0.002821	1.081906
2459593.681716	0.990714	0.002770	1.078922
2459593.683163	0.996659	0.002785	1.076003
2459593.684610	0.995885	0.002789	1.073146
2459593.686045	0.998636	0.002766	1.070375
2459593.687492	0.998918	0.002753	1.067643
2459593.688939	0.992712	0.002738	1.064972
2459593.690386	0.998471	0.002736	1.062362
2459593.691833	0.993162	0.002729	1.059813
2459593.693279	0.997066	0.002773	1.057323
2459593.694726	0.996745	0.002777	1.054892
2459593.696173	0.999054	0.002927	1.052520
2459593.697620	0.996311	0.002759	1.050206
2459593.699067	1.008110	0.002824	1.047950
2459593.700514	1.007536	0.002779	1.045751
2459593.701949	0.997735	0.002810	1.043625
2459593.703396	0.997790	0.002757	1.041538
2459593.704843	0.996419	0.002807	1.039507
2459593.706290	0.997130	0.002773	1.037531
2459593.707736	1.000822	0.002845	1.035610
2459593.709183	0.999921	0.002751	1.033744
2459593.710630	1.002950	0.002757	1.031931
2459593.712077	1.002127	0.002766	1.030172
2459593.713524	0.992504	0.002743	1.028467
2459593.714959	1.003301	0.002791	1.026827
2459593.716406	0.999859	0.002725	1.025227
2459593.717853	1.000841	0.002729	1.023679
2459593.719300	1.007452	0.002749	1.022183
2459593.720746	0.998804	0.002725	1.020739
2459593.722193	0.996846	0.002715	1.019346
2459593.723640	0.996094	0.002709	1.018003
2459593.725087	1.002045	0.002733	1.016712
2459593.726534	1.002928	0.002735	1.015471
2459593.727981	0.990718	0.002694	1.014281
2459593.729416	0.997528	0.002734	1.013149
2459593.730863	1.000520	0.002720	1.012058
2459593.732310	1.001220	0.002702	1.011017
2459593.733757	0.996436	0.002689	1.010025
2459593.735203	0.998845	0.002691	1.009082
2459593.736650	1.000458	0.002720	1.008188
2459593.738097	1.001320	0.002712	1.007342
2459593.739544	0.999585	0.002734	1.006546
2459593.740991	1.001215	0.002697	1.005798
2459593.742438	1.005046	0.002705	1.005098
2459593.743885	0.993883	0.002697	1.004446
2459593.745343	1.002624	0.002704	1.003837
2459593.746778	0.995308	0.002680	1.003286
2459593.748237	0.998342	0.002704	1.002774
2459593.749672	1.000757	0.002703	1.002318
2459593.751130	0.994687	0.002686	1.001902
