#BJD_TDB	rel_flux_T1_n	rel_flux_err_T1_n	Meridian_Flip
2459697.601683	0.988914	0.002503	-1.000000
2459697.602948	0.995824	0.002626	-1.000000
2459697.604387	0.991745	0.002618	-1.000000
2459697.605646	0.994470	0.002520	-1.000000
2459697.607088	0.989464	0.002503	-1.000000
2459697.608547	0.994987	0.002487	-1.000000
2459697.609802	0.991647	0.002487	-1.000000
2459697.611235	0.993904	0.002495	-1.000000
2459697.612498	0.991392	0.002495	-1.000000
2459697.613945	0.988134	0.002487	-1.000000
2459697.615200	0.997737	0.002479	-1.000000
2459697.616453	0.992681	0.002470	-1.000000
2459697.617887	1.002653	0.002479	-1.000000
2459697.619135	0.992041	0.002470	-1.000000
2459697.620396	0.996801	0.002462	-1.000000
2459697.621843	0.998163	0.002470	-1.000000
2459697.623096	0.997023	0.002470	-1.000000
2459697.624352	0.996908	0.002462	-1.000000
2459697.625607	0.999788	0.002462	-1.000000
2459697.626856	0.993904	0.002454	-1.000000
2459697.628111	0.995750	0.002446	-1.000000
2459697.629555	0.996317	0.002454	-1.000000
2459697.630811	0.991598	0.002446	-1.000000
2459697.632072	0.992985	0.002454	-1.000000
2459697.633325	0.991056	0.002462	-1.000000
2459697.634760	0.988963	0.002462	-1.000000
2459697.636013	0.993009	0.002454	-1.000000
2459697.637272	0.991606	0.002454	-1.000000
2459697.638523	0.990424	0.002479	-1.000000
2459697.639782	0.992443	0.002462	-1.000000
2459697.641038	0.995685	0.002454	-1.000000
2459697.642297	0.990744	0.002446	-1.000000
2459697.643748	0.991598	0.002446	-1.000000
2459697.645007	0.993296	0.002438	-1.000000
2459697.646263	0.993338	0.002446	-1.000000
2459697.647517	0.991261	0.002429	-1.000000
2459697.648775	0.990687	0.002438	-1.000000
2459697.650210	0.987904	0.002429	-1.000000
2459697.651468	0.991992	0.002429	-1.000000
2459697.652724	0.988725	0.002421	-1.000000
2459697.653984	0.987855	0.002421	-1.000000
2459697.655247	0.987215	0.002413	-1.000000
2459697.656504	0.995447	0.002429	-1.000000
2459697.657760	0.991868	0.002421	-1.000000
2459697.659202	0.991368	0.002438	-1.000000
2459697.660453	0.991269	0.002446	-1.000000
2459697.661714	0.993067	0.002454	-1.000000
2459697.662969	0.988684	0.002438	-1.000000
2459697.664218	0.989414	0.002454	-1.000000
2459697.665661	0.995947	0.002438	-1.000000
2459697.666924	0.991081	0.002462	-1.000000
2459697.668188	0.991433	0.002462	-1.000000
2459697.669636	0.992221	0.002454	-1.000000
2459697.670899	0.991950	0.002446	-1.000000
2459697.672161	0.991819	0.002446	-1.000000
2459697.673420	0.993157	0.002429	-1.000000
2459697.674866	0.990760	0.002421	-1.000000
2459697.676312	0.987543	0.002511	-1.000000
2459697.677573	0.993239	0.002421	-1.000000
2459697.679010	0.985836	0.002405	-1.000000
2459697.680451	0.987437	0.002421	-1.000000
2459697.681702	0.994741	0.002429	-1.000000
2459697.682952	0.994306	0.002413	-1.000000
2459697.684389	0.988700	0.002413	-1.000000
2459697.685835	0.991795	0.002438	-1.000000
2459697.687087	0.990719	0.002429	-1.000000
2459697.688516	0.987748	0.002413	-1.000000
2459697.689768	0.989956	0.002413	-1.000000
2459697.691019	0.991048	0.002446	-1.000000
2459697.692272	0.991811	0.002446	-1.000000
2459697.693720	0.993173	0.002470	-1.000000
2459697.694972	0.986452	0.002536	-1.000000
2459697.696222	0.991171	0.002569	-1.000000
2459697.697654	0.991524	0.002511	-1.000000
2459697.699112	0.991368	0.002577	-1.000000
2459697.700364	0.990408	0.002503	-1.000000
2459697.701806	0.989825	0.002470	-1.000000
2459697.703062	0.991721	0.002462	-1.000000
2459697.704320	0.992500	0.002446	-1.000000
2459697.705757	0.988553	0.002479	-1.000000
2459697.707200	0.989767	0.002536	-1.000000
2459697.708460	0.990514	0.002569	-1.000000
2459697.709721	0.988003	0.002626	-1.000000
2459697.710971	0.991704	0.002552	-1.000000
2459697.712221	0.987363	0.002462	-1.000000
2459697.713475	0.988200	0.002462	-1.000000
2459697.714738	0.992738	0.002487	-1.000000
2459697.715995	0.986427	0.002487	-1.000000
2459697.717250	0.987617	0.002454	-1.000000
2459697.718508	0.988528	0.002462	-1.000000
2459697.719766	0.990678	0.002503	-1.000000
2459697.721033	0.990432	0.002544	-1.000000
2459697.722292	0.992747	0.002544	-1.000000
2459697.723540	0.989529	0.002593	-1.000000
2459697.724970	0.988274	0.002643	-1.000000
2459697.726230	0.985450	0.002593	-1.000000
2459697.727491	0.988101	0.002602	-1.000000
2459697.728746	0.988651	0.002626	-1.000000
2459697.729999	0.987650	0.002733	-1.000000
2459697.731439	0.988077	0.002856	-1.000000
2459697.732691	0.989858	0.002881	-1.000000
2459697.733942	0.992271	0.003004	-1.000000
2459697.735201	0.995734	0.003070	-1.000000
2459697.736449	0.991204	0.003119	-1.000000
2459697.737702	0.989808	0.002700	-1.000000
2459697.739146	0.986567	0.002667	-1.000000
2459697.740400	0.996399	0.002610	-1.000000
2459697.741649	0.992935	0.002585	-1.000000
2459697.742903	0.990235	0.002561	-1.000000
2459697.744162	0.989488	0.002520	-1.000000
2459697.745419	0.989455	0.002511	-1.000000
2459697.746855	0.996957	0.002520	-1.000000
2459697.751516	0.998566	0.002528	1.000000
2459697.752957	1.002480	0.002552	1.000000
2459697.754214	0.995512	0.002593	1.000000
2459697.755653	0.999017	0.002602	1.000000
2459697.756914	0.998360	0.002544	1.000000
2459697.758167	0.994101	0.002561	1.000000
2459697.759615	0.997203	0.002561	1.000000
2459697.760869	1.000412	0.002569	1.000000
2459697.762120	0.999994	0.002585	1.000000
2459697.763372	0.998828	0.002602	1.000000
2459697.765883	1.002579	0.002577	1.000000
2459697.767144	0.999575	0.002552	1.000000
2459697.768398	0.998730	0.002520	1.000000
2459697.769839	1.004122	0.002520	1.000000
2459697.771095	1.003588	0.002520	1.000000
2459697.772354	0.998557	0.002503	1.000000
2459697.773608	0.999632	0.002503	1.000000
2459697.774868	0.999821	0.002511	1.000000
2459697.776117	1.000634	0.002528	1.000000
2459697.777553	1.000929	0.002536	1.000000
2459697.778816	1.004097	0.002552	1.000000
2459697.780070	1.000552	0.002569	1.000000
2459697.781320	1.001914	0.002577	1.000000
2459697.782584	1.007158	0.002635	1.000000
2459697.784022	1.001537	0.002659	1.000000
2459697.785274	1.002398	0.002676	1.000000
2459697.786539	0.998032	0.002651	1.000000
2459697.787790	1.005230	0.002659	1.000000
2459697.789230	1.002603	0.002733	1.000000
2459697.791756	1.001643	0.002889	1.000000
2459697.793018	0.997400	0.002807	1.000000
2459697.794281	1.007372	0.002831	1.000000
2459697.795721	1.002981	0.002807	1.000000
2459697.796979	1.003982	0.002790	1.000000
2459697.798233	1.005049	0.002749	1.000000
2459697.799671	1.003145	0.002684	1.000000
2459697.800929	1.003071	0.002684	1.000000
2459697.802189	1.000872	0.002643	1.000000
2459697.803453	1.003022	0.002585	1.000000
2459697.804902	1.004803	0.002585	1.000000
2459697.806165	0.999058	0.002602	1.000000
2459697.807414	1.002521	0.002593	1.000000
2459697.808669	1.002439	0.002585	1.000000
2459697.809933	0.999173	0.002544	1.000000
2459697.811370	1.003457	0.002561	1.000000
2459697.812626	1.000601	0.002552	1.000000
2459697.813882	1.005911	0.002552	1.000000
2459697.815140	1.001725	0.002544	1.000000
2459697.816391	1.004729	0.002561	1.000000
2459697.818905	1.001930	0.002569	1.000000
2459697.820160	1.005460	0.002602	1.000000
2459697.821598	1.004007	0.002618	1.000000
2459697.822861	0.999870	0.002618	1.000000
2459697.824117	0.999674	0.002651	1.000000
2459697.825369	1.006157	0.002635	1.000000
2459697.826629	1.002530	0.002618	1.000000
2459697.827890	1.004540	0.002626	1.000000
2459697.829145	1.001537	0.002635	1.000000
2459697.830405	1.005919	0.002618	1.000000
2459697.831668	1.002004	0.002602	1.000000
2459697.832917	1.000248	0.002626	1.000000
2459697.834174	1.003802	0.002684	1.000000
2459697.835430	1.002562	0.002708	1.000000
2459697.836687	1.007085	0.002676	1.000000
