2.454980714876600076e+06 9.973300000000000498e-01 1.850000000000000082e-03 1.618999999999999995e+00
2.454980715396599844e+06 1.000439999999999996e+00 1.850000000000000082e-03 1.614000000000000101e+00
2.454980715894599911e+06 9.995899999999999785e-01 1.850000000000000082e-03 1.608000000000000096e+00
2.454980716415599920e+06 9.987399999999999611e-01 1.850000000000000082e-03 1.602999999999999980e+00
2.454980716924599838e+06 9.996099999999999985e-01 1.850000000000000082e-03 1.598000000000000087e+00
2.454980717445599847e+06 1.001479999999999926e+00 1.850000000000000082e-03 1.592999999999999972e+00
2.454980717954600230e+06 1.002799999999999914e+00 1.850000000000000082e-03 1.588000000000000078e+00
2.454980718464599922e+06 1.000429999999999930e+00 1.850000000000000082e-03 1.582999999999999963e+00
2.454980718961600214e+06 1.001279999999999948e+00 1.850000000000000082e-03 1.578000000000000069e+00
2.454980719471599907e+06 9.991900000000000226e-01 1.850000000000000082e-03 1.572999999999999954e+00
2.454980719957599882e+06 1.002210000000000045e+00 1.850000000000000082e-03 1.568999999999999950e+00
2.454980720454600174e+06 9.995899999999999785e-01 1.850000000000000082e-03 1.564000000000000057e+00
2.454980720964599866e+06 9.989700000000000246e-01 1.850000000000000082e-03 1.558999999999999941e+00
2.454980721473599784e+06 1.001900000000000013e+00 1.850000000000000082e-03 1.554999999999999938e+00
2.454980721982600167e+06 9.990700000000000136e-01 1.850000000000000082e-03 1.550000000000000044e+00
2.454980722491600085e+06 1.000269999999999992e+00 1.850000000000000082e-03 1.546000000000000041e+00
2.454980723001599777e+06 1.001810000000000089e+00 1.850000000000000082e-03 1.540999999999999925e+00
2.454980723498600069e+06 9.982600000000000362e-01 1.850000000000000082e-03 1.536000000000000032e+00
2.454980724008600228e+06 9.992299999999999516e-01 1.850000000000000082e-03 1.532000000000000028e+00
2.454980724505600054e+06 9.948599999999999666e-01 1.850000000000000082e-03 1.528000000000000025e+00
2.454980725003600121e+06 1.002830000000000110e+00 1.850000000000000082e-03 1.522999999999999909e+00
2.454980725524600130e+06 1.001460000000000017e+00 1.850000000000000082e-03 1.518999999999999906e+00
2.454980726045600139e+06 9.961400000000000254e-01 1.850000000000000082e-03 1.514999999999999902e+00
2.454980726554600056e+06 1.005239999999999911e+00 1.850000000000000082e-03 1.510000000000000009e+00
2.454980727052600123e+06 1.000210000000000043e+00 1.850000000000000082e-03 1.506000000000000005e+00
2.454980727561600041e+06 9.984199999999999742e-01 1.850000000000000082e-03 1.502000000000000002e+00
2.454980728082600050e+06 9.988399999999999501e-01 1.850000000000000082e-03 1.497999999999999998e+00
2.454980728591599967e+06 9.990400000000000391e-01 1.850000000000000082e-03 1.493999999999999995e+00
2.454980729089600034e+06 9.993800000000000461e-01 1.850000000000000082e-03 1.489999999999999991e+00
2.454980729610600043e+06 1.000170000000000003e+00 1.850000000000000082e-03 1.485000000000000098e+00
2.454980730142599903e+06 1.004019999999999913e+00 1.850000000000000082e-03 1.481000000000000094e+00
2.454980730640599970e+06 1.002809999999999979e+00 1.850000000000000082e-03 1.477000000000000091e+00
2.454980731161599979e+06 1.000820000000000043e+00 1.850000000000000082e-03 1.473000000000000087e+00
2.454980731670599896e+06 9.971400000000000263e-01 1.850000000000000082e-03 1.469999999999999973e+00
2.454980732167600188e+06 1.000150000000000095e+00 1.850000000000000082e-03 1.465999999999999970e+00
2.454980732688600197e+06 9.935800000000000187e-01 1.850000000000000082e-03 1.461999999999999966e+00
2.454980733198599890e+06 9.931100000000000483e-01 1.850000000000000082e-03 1.457999999999999963e+00
2.454980733695600182e+06 9.907000000000000250e-01 1.850000000000000082e-03 1.453999999999999959e+00
2.454980734274600167e+06 9.893899999999999917e-01 1.850000000000000082e-03 1.449999999999999956e+00
2.454980734772599768e+06 9.903499999999999526e-01 1.850000000000000082e-03 1.445999999999999952e+00
2.454980735281600151e+06 9.863100000000000200e-01 1.850000000000000082e-03 1.443000000000000060e+00
2.454980735779600218e+06 9.876800000000000024e-01 1.850000000000000082e-03 1.439000000000000057e+00
2.454980736276600044e+06 9.861199999999999966e-01 1.850000000000000082e-03 1.435999999999999943e+00
2.454980736774600111e+06 9.853899999999999881e-01 1.850000000000000082e-03 1.431999999999999940e+00
2.454980737295600120e+06 9.848599999999999577e-01 1.850000000000000082e-03 1.429000000000000048e+00
2.454980737781600095e+06 9.843300000000000383e-01 1.850000000000000082e-03 1.425000000000000044e+00
2.454980738290600013e+06 9.847799999999999887e-01 1.850000000000000082e-03 1.421999999999999931e+00
2.454980738788600080e+06 9.859499999999999931e-01 1.850000000000000082e-03 1.417999999999999927e+00
2.454980739286600146e+06 9.889700000000000157e-01 1.850000000000000082e-03 1.415000000000000036e+00
2.454980739783599973e+06 9.833399999999999919e-01 1.850000000000000082e-03 1.411999999999999922e+00
2.454980740293600131e+06 9.855000000000000426e-01 1.850000000000000082e-03 1.407999999999999918e+00
2.454980740779600106e+06 9.821299999999999475e-01 1.850000000000000082e-03 1.405000000000000027e+00
2.454980741288600024e+06 9.863300000000000400e-01 1.850000000000000082e-03 1.401999999999999913e+00
2.454980741786600091e+06 9.842199999999999838e-01 1.850000000000000082e-03 1.399000000000000021e+00
2.454980742295600008e+06 9.825000000000000400e-01 1.850000000000000082e-03 1.395000000000000018e+00
2.454980742816600017e+06 9.848900000000000432e-01 1.850000000000000082e-03 1.391999999999999904e+00
2.454980743325599935e+06 9.820200000000000040e-01 1.850000000000000082e-03 1.389000000000000012e+00
2.454980743823600002e+06 9.857799999999999896e-01 1.850000000000000082e-03 1.385999999999999899e+00
2.454980744344600011e+06 9.845000000000000417e-01 1.850000000000000082e-03 1.383000000000000007e+00
2.454980744853599928e+06 9.798000000000000043e-01 1.850000000000000082e-03 1.379999999999999893e+00
2.454980745351599995e+06 9.821600000000000330e-01 1.850000000000000082e-03 1.377000000000000002e+00
2.454980745860599913e+06 9.838200000000000278e-01 1.850000000000000082e-03 1.374000000000000110e+00
2.454980746369599830e+06 9.834199999999999608e-01 1.850000000000000082e-03 1.370999999999999996e+00
2.454980746890599839e+06 9.877000000000000224e-01 1.850000000000000082e-03 1.366999999999999993e+00
2.454980747411599848e+06 9.852800000000000447e-01 1.850000000000000082e-03 1.364000000000000101e+00
2.454980747920600232e+06 9.869499999999999940e-01 1.850000000000000082e-03 1.360999999999999988e+00
2.454980748441599775e+06 9.816799999999999971e-01 1.850000000000000082e-03 1.358999999999999986e+00
2.454980748939599842e+06 9.876599999999999824e-01 1.850000000000000082e-03 1.356000000000000094e+00
2.454980749425599817e+06 9.820699999999999985e-01 1.850000000000000082e-03 1.352999999999999980e+00
2.454980749946599826e+06 9.847799999999999887e-01 1.850000000000000082e-03 1.350000000000000089e+00
2.454980750443600118e+06 9.865199999999999525e-01 1.850000000000000082e-03 1.346999999999999975e+00
2.454980750952600036e+06 9.857799999999999896e-01 1.850000000000000082e-03 1.344000000000000083e+00
2.454980751450600103e+06 9.872999999999999554e-01 1.850000000000000082e-03 1.342000000000000082e+00
2.454980751948600169e+06 9.808000000000000052e-01 1.850000000000000082e-03 1.338999999999999968e+00
2.454980752434600145e+06 9.880200000000000093e-01 1.850000000000000082e-03 1.336999999999999966e+00
2.454980752943600062e+06 9.822600000000000220e-01 1.850000000000000082e-03 1.334000000000000075e+00
2.454980753429600038e+06 9.878299999999999859e-01 1.850000000000000082e-03 1.330999999999999961e+00
2.454980753927600104e+06 9.825500000000000345e-01 1.850000000000000082e-03 1.328999999999999959e+00
2.454980754471600056e+06 9.840100000000000513e-01 1.850000000000000082e-03 1.326000000000000068e+00
2.454980754969600122e+06 9.857099999999999751e-01 1.850000000000000082e-03 1.322999999999999954e+00
2.454980755443600006e+06 9.838799999999999768e-01 1.850000000000000082e-03 1.320999999999999952e+00
2.454980755964600015e+06 9.871400000000000174e-01 1.850000000000000082e-03 1.318000000000000060e+00
2.454980756450599991e+06 9.846500000000000252e-01 1.850000000000000082e-03 1.316000000000000059e+00
2.454980756948600058e+06 9.862300000000000511e-01 1.850000000000000082e-03 1.312999999999999945e+00
2.454980757446600124e+06 9.875899999999999679e-01 1.850000000000000082e-03 1.310999999999999943e+00
2.454980757932600100e+06 9.880200000000000093e-01 1.850000000000000082e-03 1.308000000000000052e+00
2.454980758441600017e+06 9.855099999999999971e-01 1.850000000000000082e-03 1.306000000000000050e+00
2.454980758950599935e+06 9.851299999999999502e-01 1.850000000000000082e-03 1.304000000000000048e+00
2.454980759436599910e+06 9.855500000000000371e-01 1.850000000000000082e-03 1.300999999999999934e+00
2.454980759957599919e+06 9.861999999999999655e-01 1.850000000000000082e-03 1.298999999999999932e+00
2.454980760455599986e+06 9.843600000000000128e-01 1.850000000000000082e-03 1.296999999999999931e+00
2.454980760964599904e+06 9.850799999999999557e-01 1.850000000000000082e-03 1.294000000000000039e+00
2.454980761473599821e+06 9.888700000000000268e-01 1.850000000000000082e-03 1.292000000000000037e+00
2.454980761960600037e+06 9.875000000000000444e-01 1.850000000000000082e-03 1.290000000000000036e+00
2.454980762469599955e+06 9.863100000000000200e-01 1.850000000000000082e-03 1.286999999999999922e+00
2.454980762955599930e+06 9.905599999999999961e-01 1.850000000000000082e-03 1.284999999999999920e+00
2.454980763476599939e+06 9.918299999999999894e-01 1.850000000000000082e-03 1.282999999999999918e+00
2.454980763997599948e+06 9.935500000000000442e-01 1.850000000000000082e-03 1.280999999999999917e+00
2.454980764494599774e+06 9.942199999999999926e-01 1.850000000000000082e-03 1.278999999999999915e+00
2.454980764992599841e+06 9.963999999999999524e-01 1.850000000000000082e-03 1.276000000000000023e+00
2.454980765478599817e+06 9.963499999999999579e-01 1.850000000000000082e-03 1.274000000000000021e+00
2.454980765999599826e+06 1.000869999999999926e+00 1.850000000000000082e-03 1.272000000000000020e+00
2.454980766497599892e+06 9.995300000000000296e-01 1.850000000000000082e-03 1.270000000000000018e+00
2.454980766994600184e+06 1.000920000000000032e+00 1.850000000000000082e-03 1.268000000000000016e+00
2.454980767527599819e+06 9.996800000000000130e-01 1.850000000000000082e-03 1.266000000000000014e+00
2.454980768036600202e+06 9.989200000000000301e-01 1.850000000000000082e-03 1.264000000000000012e+00
2.454980768557600211e+06 1.001460000000000017e+00 1.850000000000000082e-03 1.262000000000000011e+00
2.454980769078600220e+06 1.000690000000000079e+00 1.850000000000000082e-03 1.260000000000000009e+00
2.454980769575600047e+06 1.002790000000000070e+00 1.850000000000000082e-03 1.258000000000000007e+00
2.454980770085600205e+06 9.959400000000000475e-01 1.850000000000000082e-03 1.256000000000000005e+00
2.454980770606600214e+06 1.001570000000000071e+00 1.850000000000000082e-03 1.254000000000000004e+00
2.454980771103600040e+06 9.985899999999999777e-01 1.850000000000000082e-03 1.252000000000000002e+00
2.454980771624600049e+06 1.004920000000000035e+00 1.850000000000000082e-03 1.250000000000000000e+00
2.454980772110600024e+06 1.002410000000000023e+00 1.850000000000000082e-03 1.247999999999999998e+00
2.454980772631600033e+06 1.001360000000000028e+00 1.850000000000000082e-03 1.245999999999999996e+00
2.454980773140599951e+06 9.988200000000000411e-01 1.850000000000000082e-03 1.243999999999999995e+00
2.454980773650600109e+06 1.000000000000000000e+00 1.850000000000000082e-03 1.241999999999999993e+00
2.454980774159600027e+06 9.992699999999999916e-01 1.850000000000000082e-03 1.239999999999999991e+00
2.454980774726599921e+06 1.002610000000000001e+00 1.850000000000000082e-03 1.237999999999999989e+00
2.454980775235599838e+06 9.996000000000000441e-01 1.850000000000000082e-03 1.235999999999999988e+00
2.454980775744600222e+06 1.002299999999999969e+00 1.850000000000000082e-03 1.235000000000000098e+00
2.454980776265600231e+06 9.993300000000000516e-01 1.850000000000000082e-03 1.233000000000000096e+00
2.454980776786599774e+06 9.985000000000000542e-01 1.850000000000000082e-03 1.231000000000000094e+00
2.454980777295600157e+06 1.000490000000000101e+00 1.850000000000000082e-03 1.229000000000000092e+00
2.454980777793600224e+06 9.973800000000000443e-01 1.850000000000000082e-03 1.227999999999999980e+00
2.454980778302600142e+06 9.976000000000000423e-01 1.850000000000000082e-03 1.225999999999999979e+00
2.454980778812599834e+06 9.997399999999999620e-01 1.850000000000000082e-03 1.223999999999999977e+00
2.454980779298599809e+06 9.991400000000000281e-01 1.850000000000000082e-03 1.223000000000000087e+00
2.454980779819599818e+06 1.000010000000000066e+00 1.850000000000000082e-03 1.221000000000000085e+00
2.454980780328600202e+06 1.001560000000000006e+00 1.850000000000000082e-03 1.219000000000000083e+00
2.454980780849600211e+06 9.973600000000000243e-01 1.850000000000000082e-03 1.217999999999999972e+00
2.454980781370600220e+06 9.974699999999999678e-01 1.850000000000000082e-03 1.215999999999999970e+00
2.454980781867600046e+06 9.969000000000000083e-01 1.850000000000000082e-03 1.213999999999999968e+00
2.454980782377600204e+06 9.976099999999999968e-01 1.850000000000000082e-03 1.213000000000000078e+00
2.454980782874600030e+06 9.974699999999999678e-01 1.850000000000000082e-03 1.211000000000000076e+00
2.454980783395600040e+06 1.000939999999999941e+00 1.850000000000000082e-03 1.209999999999999964e+00
2.454980783904599957e+06 1.000520000000000076e+00 1.850000000000000082e-03 1.207999999999999963e+00
2.454980784414600115e+06 9.984600000000000142e-01 1.850000000000000082e-03 1.207000000000000073e+00
2.454980784923600033e+06 9.972800000000000553e-01 1.850000000000000082e-03 1.205000000000000071e+00
2.454980785421600100e+06 9.956000000000000405e-01 1.850000000000000082e-03 1.203999999999999959e+00
2.454980785918599926e+06 9.972400000000000153e-01 1.850000000000000082e-03 1.201999999999999957e+00
2.454980786439599935e+06 9.992299999999999516e-01 1.850000000000000082e-03 1.201000000000000068e+00
2.454980786925599910e+06 9.993400000000000061e-01 1.850000000000000082e-03 1.199000000000000066e+00
2.454980787434599828e+06 9.996800000000000130e-01 1.850000000000000082e-03 1.197999999999999954e+00
2.454980787967599928e+06 1.001829999999999998e+00 1.850000000000000082e-03 1.195999999999999952e+00
2.454980788476599846e+06 1.000229999999999952e+00 1.850000000000000082e-03 1.195000000000000062e+00
2.454980788985600229e+06 1.001109999999999944e+00 1.850000000000000082e-03 1.193999999999999950e+00
2.454980789483599830e+06 9.995199999999999640e-01 1.850000000000000082e-03 1.191999999999999948e+00
2.454980789992600214e+06 1.001600000000000046e+00 1.850000000000000082e-03 1.191000000000000059e+00
2.454980790502599906e+06 1.000660000000000105e+00 1.850000000000000082e-03 1.189999999999999947e+00
2.454980790999600198e+06 1.000769999999999937e+00 1.850000000000000082e-03 1.187999999999999945e+00
2.454980791497599799e+06 1.001120000000000010e+00 1.850000000000000082e-03 1.187000000000000055e+00
2.454980792006600183e+06 1.000709999999999988e+00 1.850000000000000082e-03 1.185999999999999943e+00
2.454980792516599875e+06 9.996599999999999930e-01 1.850000000000000082e-03 1.183999999999999941e+00
2.454980793036600109e+06 1.001710000000000100e+00 1.850000000000000082e-03 1.183000000000000052e+00
2.454980793557600118e+06 9.984399999999999942e-01 1.850000000000000082e-03 1.181999999999999940e+00
2.454980794055600185e+06 1.001679999999999904e+00 1.850000000000000082e-03 1.181000000000000050e+00
2.454980794564600103e+06 1.000699999999999923e+00 1.850000000000000082e-03 1.179000000000000048e+00
2.454980795154599939e+06 1.001390000000000002e+00 1.850000000000000082e-03 1.177999999999999936e+00
2.454980795664600097e+06 1.002599999999999936e+00 1.850000000000000082e-03 1.177000000000000046e+00
2.454980796185600106e+06 1.000979999999999981e+00 1.850000000000000082e-03 1.175999999999999934e+00
2.454980796694600023e+06 1.000809999999999977e+00 1.850000000000000082e-03 1.173999999999999932e+00
2.454980797215600032e+06 9.978599999999999692e-01 1.850000000000000082e-03 1.173000000000000043e+00
2.454980797724599950e+06 1.002359999999999918e+00 1.850000000000000082e-03 1.171999999999999931e+00
2.454980798245599959e+06 1.003020000000000023e+00 1.850000000000000082e-03 1.171000000000000041e+00
2.454980798754599877e+06 1.000240000000000018e+00 1.850000000000000082e-03 1.169999999999999929e+00
2.454980799263599794e+06 9.991799999999999571e-01 1.850000000000000082e-03 1.169000000000000039e+00
2.454980799761599861e+06 9.993900000000000006e-01 1.850000000000000082e-03 1.167999999999999927e+00
2.454980800236599986e+06 9.994199999999999751e-01 1.850000000000000082e-03 1.167000000000000037e+00
